標準化: 0
データセット: digits
打ち切り学習回数: 1.0e+08
コロニーサイズ: 20
偵察バチのLIMIT: 100
サイクル数: 500
Gen: 1, Best: 0.9907407407407407
[   4.00000 3973.51165    7.37593    8.29740    2.91615]
Gen: 2, Best: 0.9925925925925925
[ 4.00000 55.40322  4.71007  8.23397  2.67920]
Gen: 3, Best: 0.9925925925925925
[ 4.00000 55.40322  4.71007  8.23397  2.67920]
Gen: 4, Best: 0.9925925925925925
[ 4.00000 55.40322  4.71007  8.23397  2.67920]
Gen: 5, Best: 0.9925925925925925
[ 4.00000 55.40322  4.71007  8.23397  2.67920]
Gen: 6, Best: 0.9925925925925925
[ 4.00000 55.40322  4.71007  8.23397  2.67920]
Gen: 7, Best: 0.9925925925925925
[ 4.00000 55.40322  4.71007  8.23397  2.67920]
Gen: 8, Best: 0.9925925925925925
[    4.00000 30914.95759     0.20002     5.51552     2.15053]
Gen: 9, Best: 0.9925925925925925
[    4.00000 30914.95759     0.20002     5.51552     2.15053]
Gen: 10, Best: 0.9925925925925925
[    4.00000 30914.95759     0.20002     5.51552     2.15053]
Gen: 11, Best: 0.9925925925925925
[    4.00000 30914.95759     0.20002     5.51552     2.15053]
Gen: 12, Best: 0.9925925925925925
[    4.00000 30914.95759     0.20002     5.51552     2.15053]
Gen: 13, Best: 0.9925925925925925
[    4.00000 30914.95759     0.20002     5.51552     2.15053]
Gen: 14, Best: 0.9925925925925925
[    4.00000 30914.95759     0.20002     5.51552     2.15053]
Gen: 15, Best: 0.9944444444444445
[ 4.00000 55.40322  4.71007 10.00000  2.67920]
Gen: 16, Best: 0.9944444444444445
[ 4.00000 55.40322  4.71007 10.00000  2.67920]
Gen: 17, Best: 0.9944444444444445
[ 4.00000 55.40322  4.71007 10.00000  2.67920]
Gen: 18, Best: 0.9944444444444445
[ 4.00000 55.40322  4.71007 10.00000  2.67920]
Gen: 19, Best: 0.9944444444444445
[ 4.00000 55.40322  4.71007 10.00000  2.67920]
Gen: 20, Best: 0.9944444444444445
[ 4.00000 55.40322  4.71007 10.00000  2.67920]
Gen: 21, Best: 0.9944444444444445
[ 4.00000 55.40322  4.71007 10.00000  2.67920]
Gen: 22, Best: 0.9944444444444445
[ 4.00000 55.40322  4.71007 10.00000  2.67920]
Gen: 23, Best: 0.9944444444444445
[ 4.00000 55.40322  4.71007 10.00000  2.67920]
Gen: 24, Best: 0.9944444444444445
[ 4.00000 55.40322  4.71007 10.00000  2.67920]
Gen: 25, Best: 0.9944444444444445
[   4.00000 3973.51165    2.97303    8.29740    2.91615]
Gen: 26, Best: 0.9944444444444445
[   4.00000 3973.51165    2.97303    8.29740    2.91615]
Gen: 27, Best: 0.9944444444444445
[   4.00000 3973.51165    2.97303    8.29740    2.91615]
Gen: 28, Best: 0.9944444444444445
[   4.00000 3973.51165    2.97303    8.29740    2.91615]
Gen: 29, Best: 0.9944444444444445
[   4.00000 3973.51165    2.97303    8.29740    2.91615]
Gen: 30, Best: 0.9944444444444445
[   4.00000 3973.51165    2.97303    8.29740    2.91615]
Gen: 31, Best: 0.9944444444444445
[   4.00000 3973.51165    2.97303    8.29740    2.91615]
Gen: 32, Best: 0.9944444444444445
[   4.00000 3973.51165    2.97303    8.29740    2.91615]
Gen: 33, Best: 0.9944444444444445
[   4.00000 3973.51165    2.97303    8.29740    2.91615]
Gen: 34, Best: 0.9944444444444445
[   4.00000 3973.51165    2.97303    8.29740    2.91615]
Gen: 35, Best: 0.9944444444444445
[   4.00000 3973.51165    2.97303    8.29740    2.91615]
Gen: 36, Best: 0.9944444444444445
[   4.00000 3973.51165    2.97303    8.29740    2.91615]
Gen: 37, Best: 0.9944444444444445
[   4.00000 3973.51165    2.97303    8.29740    2.91615]
Gen: 38, Best: 0.9944444444444445
[   4.00000 3973.51165    2.97303    8.29740    2.91615]
Gen: 39, Best: 0.9944444444444445
[   4.00000 3973.51165    2.97303    8.29740    2.91615]
Gen: 40, Best: 0.9944444444444445
[   4.00000 3973.51165    2.97303    8.29740    2.91615]
Gen: 41, Best: 0.9944444444444445
[   4.00000 3973.51165    2.97303    8.29740    2.91615]
Gen: 42, Best: 0.9944444444444445
[   4.00000 7121.43759    2.29900    6.11512    2.56908]
Gen: 43, Best: 0.9944444444444445
[   4.00000 7121.43759    2.29900    6.11512    2.56908]
Gen: 44, Best: 0.9944444444444445
[   4.00000 7121.43759    2.29900    6.11512    2.56908]
Gen: 45, Best: 0.9944444444444445
[   4.00000 7121.43759    2.29900    6.11512    2.56908]
Gen: 46, Best: 0.9944444444444445
[   4.00000 7121.43759    2.29900    6.11512    2.56908]
Gen: 47, Best: 0.9944444444444445
[   4.00000 7121.43759    2.29900    6.11512    2.56908]
Gen: 48, Best: 0.9944444444444445
[   4.00000 7121.43759    2.29900    6.11512    2.56908]
Gen: 49, Best: 0.9944444444444445
[   4.00000 7121.43759    2.29900    6.11512    2.56908]
Gen: 50, Best: 0.9944444444444445
[   4.00000 7121.43759    2.29900    6.11512    2.56908]
Gen: 51, Best: 0.9944444444444445
[   4.00000 7121.43759    2.29900    6.11512    2.56908]
Gen: 52, Best: 0.9944444444444445
[    4.00000 12543.35425     4.93690     8.99378     2.54445]
Gen: 53, Best: 0.9944444444444445
[    4.00000 12543.35425     4.93690     8.99378     2.54445]
Gen: 54, Best: 0.9944444444444445
[    4.00000 12543.35425     4.93690     8.99378     2.54445]
Gen: 55, Best: 0.9944444444444445
[    4.00000 12543.35425     4.93690     8.99378     2.54445]
Gen: 56, Best: 0.9944444444444445
[    4.00000 12543.35425     4.93690     8.99378     2.54445]
Gen: 57, Best: 0.9944444444444445
[    4.00000 12543.35425     4.93690     8.99378     2.54445]
Gen: 58, Best: 0.9944444444444445
[    4.00000 12543.35425     4.93690     8.99378     2.54445]
Gen: 59, Best: 0.9944444444444445
[    4.00000 12543.35425     4.93690     8.99378     2.54445]
Gen: 60, Best: 0.9944444444444445
[    4.00000 12543.35425     4.93690     8.99378     2.54445]
Gen: 61, Best: 0.9944444444444445
[    4.00000 12543.35425     4.93690     8.99378     2.54445]
Gen: 62, Best: 0.9944444444444445
[    4.00000 12543.35425     4.93690     8.99378     2.54445]
Gen: 63, Best: 0.9944444444444445
[    4.00000 12543.35425     4.93690     8.99378     2.54445]
Gen: 64, Best: 0.9944444444444445
[    4.00000 12543.35425     4.93690     8.99378     2.54445]
Gen: 65, Best: 0.9944444444444445
[    4.00000 12543.35425     4.93690     8.99378     2.54445]
Gen: 66, Best: 0.9944444444444445
[    4.00000 12543.35425     4.93690     8.99378     2.54445]
Gen: 67, Best: 0.9944444444444445
[    4.00000 12543.35425     4.93690     8.99378     2.54445]
Gen: 68, Best: 0.9944444444444445
[    4.00000 12543.35425     4.93690     8.99378     2.54445]
Gen: 69, Best: 0.9944444444444445
[    4.00000 12543.35425     4.93690     8.99378     2.54445]
Gen: 70, Best: 0.9944444444444445
[    4.00000 12543.35425     4.93690     8.99378     2.54445]
Gen: 71, Best: 0.9944444444444445
[    4.00000 12543.35425     4.93690     8.99378     2.54445]
Gen: 72, Best: 0.9944444444444445
[    4.00000 12543.35425     4.93690     8.99378     2.54445]
Gen: 73, Best: 0.9944444444444445
[    4.00000 12543.35425     4.93690     8.99378     2.54445]
Gen: 74, Best: 0.9944444444444445
[    4.00000 12543.35425     4.93690     8.99378     2.54445]
Gen: 75, Best: 0.9944444444444445
[    4.00000 12543.35425     4.93690     8.99378     2.54445]
Gen: 76, Best: 0.9944444444444445
[    4.00000 12543.35425     4.93690     8.99378     2.54445]
Gen: 77, Best: 0.9944444444444445
[    4.00000 12543.35425     4.93690     8.99378     2.54445]
Gen: 78, Best: 0.9944444444444445
[    4.00000 31109.14535     0.67689     1.58317     2.73452]
Gen: 79, Best: 0.9944444444444445
[    4.00000 31109.14535     0.67689     1.58317     2.73452]
Gen: 80, Best: 0.9944444444444445
[    4.00000 31109.14535     0.67689     1.58317     2.73452]
Gen: 81, Best: 0.9944444444444445
[    4.00000 31109.14535     0.67689     1.58317     2.73452]
Gen: 82, Best: 0.9944444444444445
[    4.00000 31109.14535     0.67689     1.58317     2.73452]
Gen: 83, Best: 0.9944444444444445
[    4.00000 31109.14535     0.67689     1.58317     2.73452]
Gen: 84, Best: 0.9944444444444445
[    4.00000 31109.14535     0.67689     1.58317     2.73452]
Gen: 85, Best: 0.9944444444444445
[    4.00000 31109.14535     0.67689     1.58317     2.73452]
Gen: 86, Best: 0.9944444444444445
[    4.00000 31109.14535     0.67689     1.58317     2.73452]
Gen: 87, Best: 0.9944444444444445
[    4.00000 31109.14535     0.67689     1.58317     2.73452]
Gen: 88, Best: 0.9944444444444445
[    4.00000 31109.14535     0.67689     1.58317     2.73452]
Gen: 89, Best: 0.9944444444444445
[    4.00000 31109.14535     0.67689     1.58317     2.73452]
Gen: 90, Best: 0.9944444444444445
[    4.00000 31109.14535     0.67689     1.58317     2.73452]
Gen: 91, Best: 0.9944444444444445
[    4.00000 31109.14535     0.67689     1.58317     2.73452]
Gen: 92, Best: 0.9944444444444445
[    4.00000 31109.14535     0.67689     1.58317     2.73452]
Gen: 93, Best: 0.9944444444444445
[    4.00000 31109.14535     0.67689     1.58317     2.73452]
Gen: 94, Best: 0.9944444444444445
[    4.00000 31109.14535     0.67689     1.58317     2.73452]
Gen: 95, Best: 0.9944444444444445
[    4.00000 31109.14535     0.67689     1.58317     2.73452]
Gen: 96, Best: 0.9944444444444445
[    4.00000 31109.14535     0.67689     1.58317     2.73452]
Gen: 97, Best: 0.9944444444444445
[    4.00000 31109.14535     0.67689     1.58317     2.73452]
Gen: 98, Best: 0.9944444444444445
[    4.00000 31109.14535     0.67689     1.58317     2.73452]
Gen: 99, Best: 0.9944444444444445
[    4.00000 31109.14535     0.67689     1.58317     2.73452]
Gen: 100, Best: 0.9944444444444445
[    4.00000 31109.14535     0.67689     1.58317     2.73452]
Gen: 101, Best: 0.9944444444444445
[    4.00000 31109.14535     0.67689     1.58317     2.73452]
Gen: 102, Best: 0.9944444444444445
[    4.00000 31109.14535     0.67689     1.58317     2.73452]
Gen: 103, Best: 0.9944444444444445
[    4.00000 31109.14535     0.67689     1.58317     2.73452]
Gen: 104, Best: 0.9944444444444445
[    4.00000 31109.14535     0.67689     1.58317     2.73452]
Gen: 105, Best: 0.9944444444444445
[    4.00000 31109.14535     0.67689     1.58317     2.73452]
Gen: 106, Best: 0.9944444444444445
[    4.00000 31109.14535     0.67689     1.58317     2.73452]
Gen: 107, Best: 0.9944444444444445
[    4.00000 31109.14535     0.67689     1.58317     2.73452]
Gen: 108, Best: 0.9944444444444445
[    4.00000 31109.14535     0.67689     1.58317     2.73452]
Gen: 109, Best: 0.9944444444444445
[    4.00000 31109.14535     0.67689     1.58317     2.73452]
Gen: 110, Best: 0.9944444444444445
[    4.00000 31109.14535     0.67689     1.58317     2.73452]
Gen: 111, Best: 0.9944444444444445
[    4.00000 31109.14535     0.67689     1.58317     2.73452]
Gen: 112, Best: 0.9944444444444445
[    4.00000 31109.14535     0.67689     1.58317     2.73452]
Gen: 113, Best: 0.9944444444444445
[    4.00000 31109.14535     0.67689     1.58317     2.73452]
Gen: 114, Best: 0.9944444444444445
[    4.00000 31109.14535     0.67689     1.58317     2.73452]
Gen: 115, Best: 0.9944444444444445
[    4.00000 31109.14535     0.67689     1.58317     2.73452]
Gen: 116, Best: 0.9944444444444445
[    4.00000 31109.14535     0.67689     1.58317     2.73452]
Gen: 117, Best: 0.9944444444444445
[    4.00000 31109.14535     0.67689     1.58317     2.73452]
Gen: 118, Best: 0.9944444444444445
[    4.00000 31109.14535     0.67689     1.58317     2.73452]
Gen: 119, Best: 0.9944444444444445
[    4.00000 31109.14535     0.67689     1.58317     2.73452]
Gen: 120, Best: 0.9944444444444445
[    4.00000 31109.14535     0.67689     1.58317     2.73452]
Gen: 121, Best: 0.9944444444444445
[    4.00000 31109.14535     0.67689     1.58317     2.73452]
Gen: 122, Best: 0.9944444444444445
[    4.00000 31109.14535     0.67689     1.58317     2.73452]
Gen: 123, Best: 0.9944444444444445
[    4.00000 31109.14535     0.67689     1.58317     2.73452]
Gen: 124, Best: 0.9944444444444445
[    4.00000 31109.14535     0.67689     1.58317     2.73452]
Gen: 125, Best: 0.9944444444444445
[    4.00000 31109.14535     0.67689     1.58317     2.73452]
Gen: 126, Best: 0.9944444444444445
[    4.00000 31109.14535     0.67689     1.58317     2.73452]
Gen: 127, Best: 0.9944444444444445
[    4.00000 31109.14535     0.67689     1.58317     2.73452]
Gen: 128, Best: 0.9944444444444445
[    4.00000 31109.14535     0.67689     1.58317     2.73452]
Gen: 129, Best: 0.9944444444444445
[    4.00000 31109.14535     0.67689     1.58317     2.73452]
Gen: 130, Best: 0.9944444444444445
[    4.00000 31109.14535     0.67689     1.58317     2.73452]
Gen: 131, Best: 0.9944444444444445
[    4.00000 31109.14535     0.67689     1.58317     2.73452]
Gen: 132, Best: 0.9944444444444445
[    4.00000 31109.14535     0.67689     1.58317     2.73452]
Gen: 133, Best: 0.9944444444444445
[    4.00000 31109.14535     0.67689     1.58317     2.73452]
Gen: 134, Best: 0.9944444444444445
[    4.00000 31109.14535     0.67689     1.58317     2.73452]
Gen: 135, Best: 0.9944444444444445
[    4.00000 31109.14535     0.67689     1.58317     2.73452]
Gen: 136, Best: 0.9944444444444445
[    4.00000 31109.14535     0.67689     1.58317     2.73452]
Gen: 137, Best: 0.9944444444444445
[    4.00000 31109.14535     0.67689     1.58317     2.73452]
Gen: 138, Best: 0.9944444444444445
[    4.00000 31109.14535     0.67689     1.58317     2.73452]
Gen: 139, Best: 0.9944444444444445
[    4.00000 31109.14535     0.67689     1.58317     2.73452]
Gen: 140, Best: 0.9944444444444445
[    4.00000 31109.14535     0.67689     1.58317     2.73452]
Gen: 141, Best: 0.9944444444444445
[    4.00000 30914.95759     0.20002     2.09857     2.15053]
Gen: 142, Best: 0.9944444444444445
[    4.00000 30914.95759     0.20002     2.09857     2.15053]
Gen: 143, Best: 0.9944444444444445
[    4.00000 30914.95759     0.20002     2.09857     2.15053]
Gen: 144, Best: 0.9944444444444445
[    4.00000 30914.95759     0.20002     2.09857     2.15053]
Gen: 145, Best: 0.9944444444444445
[    4.00000 30914.95759     0.20002     2.09857     2.15053]
Gen: 146, Best: 0.9944444444444445
[    4.00000 30914.95759     0.20002     2.09857     2.15053]
Gen: 147, Best: 0.9944444444444445
[    4.00000 30914.95759     0.20002     2.09857     2.15053]
Gen: 148, Best: 0.9944444444444445
[    4.00000 30914.95759     0.20002     2.09857     2.15053]
Gen: 149, Best: 0.9944444444444445
[    4.00000 30914.95759     0.20002     2.09857     2.15053]
Gen: 150, Best: 0.9944444444444445
[    4.00000 30914.95759     0.20002     2.09857     2.15053]
Gen: 151, Best: 0.9944444444444445
[    4.00000 30914.95759     0.20002     2.09857     2.15053]
Gen: 152, Best: 0.9944444444444445
[    4.00000 30914.95759     0.20002     2.09857     2.15053]
Gen: 153, Best: 0.9944444444444445
[    4.00000 30914.95759     0.20002     2.09857     2.15053]
Gen: 154, Best: 0.9944444444444445
[    4.00000 30914.95759     0.20002     2.09857     2.15053]
Gen: 155, Best: 0.9944444444444445
[    4.00000 30914.95759     0.20002     2.09857     2.15053]
Gen: 156, Best: 0.9944444444444445
[    4.00000 30914.95759     0.20002     2.09857     2.15053]
Gen: 157, Best: 0.9944444444444445
[    4.00000 30914.95759     0.20002     2.09857     2.15053]
Gen: 158, Best: 0.9944444444444445
[    4.00000 30914.95759     0.20002     2.09857     2.15053]
Gen: 159, Best: 0.9944444444444445
[    4.00000 30914.95759     0.20002     2.09857     2.15053]
Gen: 160, Best: 0.9944444444444445
[    4.00000 30914.95759     0.20002     2.09857     2.15053]
Gen: 161, Best: 0.9944444444444445
[    4.00000 30914.95759     0.20002     2.09857     2.15053]
Gen: 162, Best: 0.9944444444444445
[    4.00000 30914.95759     0.20002     2.09857     2.15053]
Gen: 163, Best: 0.9944444444444445
[    4.00000 30914.95759     0.20002     2.09857     2.15053]
Gen: 164, Best: 0.9944444444444445
[    4.00000 30914.95759     0.20002     2.09857     2.15053]
Gen: 165, Best: 0.9944444444444445
[    4.00000 30914.95759     0.20002     2.09857     2.15053]
Gen: 166, Best: 0.9944444444444445
[    4.00000 30914.95759     0.20002     2.09857     2.15053]
Gen: 167, Best: 0.9944444444444445
[    4.00000 30914.95759     0.20002     2.09857     2.15053]
Gen: 168, Best: 0.9944444444444445
[    4.00000 30914.95759     0.20002     2.09857     2.15053]
Gen: 169, Best: 0.9944444444444445
[    4.00000 30914.95759     0.20002     2.09857     2.15053]
Gen: 170, Best: 0.9944444444444445
[    4.00000 30914.95759     0.20002     2.09857     2.15053]
Gen: 171, Best: 0.9944444444444445
[    4.00000 30914.95759     0.20002     2.09857     2.15053]
Gen: 172, Best: 0.9944444444444445
[    4.00000 30914.95759     0.20002     2.09857     2.15053]
Gen: 173, Best: 0.9944444444444445
[    4.00000 30914.95759     0.20002     2.09857     2.15053]
Gen: 174, Best: 0.9944444444444445
[    4.00000 30914.95759     0.20002     2.09857     2.15053]
Gen: 175, Best: 0.9944444444444445
[    4.00000 30914.95759     0.20002     2.09857     2.15053]
Gen: 176, Best: 0.9944444444444445
[    4.00000 30914.95759     0.20002     2.09857     2.15053]
Gen: 177, Best: 0.9944444444444445
[    4.00000 30914.95759     0.20002     2.09857     2.15053]
Gen: 178, Best: 0.9944444444444445
[    4.00000 30914.95759     0.20002     2.09857     2.15053]
Gen: 179, Best: 0.9944444444444445
[    4.00000 30914.95759     0.20002     2.09857     2.15053]
Gen: 180, Best: 0.9944444444444445
[    4.00000 30914.95759     0.20002     2.09857     2.15053]
Gen: 181, Best: 0.9944444444444445
[    4.00000 30914.95759     0.20002     2.09857     2.15053]
Gen: 182, Best: 0.9944444444444445
[    4.00000 30914.95759     0.20002     2.09857     2.15053]
Gen: 183, Best: 0.9944444444444445
[    4.00000 30914.95759     0.20002     2.09857     2.15053]
Gen: 184, Best: 0.9944444444444445
[    4.00000 30914.95759     0.20002     2.09857     2.15053]
Gen: 185, Best: 0.9944444444444445
[    4.00000 30914.95759     0.20002     2.09857     2.15053]
Gen: 186, Best: 0.9944444444444445
[    4.00000 30914.95759     0.20002     2.09857     2.15053]
Gen: 187, Best: 0.9944444444444445
[    4.00000 30914.95759     0.20002     2.09857     2.15053]
Gen: 188, Best: 0.9944444444444445
[    4.00000 30914.95759     0.20002     2.09857     2.15053]
Gen: 189, Best: 0.9944444444444445
[    4.00000 30914.95759     0.20002     2.09857     2.15053]
Gen: 190, Best: 0.9944444444444445
[    4.00000 30914.95759     0.20002     2.09857     2.15053]
Gen: 191, Best: 0.9944444444444445
[    4.00000 30914.95759     0.20002     2.09857     2.15053]
Gen: 192, Best: 0.9944444444444445
[    4.00000 30914.95759     0.20002     2.09857     2.15053]
Gen: 193, Best: 0.9944444444444445
[    4.00000 30914.95759     0.20002     2.09857     2.15053]
Gen: 194, Best: 0.9944444444444445
[    4.00000 30914.95759     0.20002     2.09857     2.15053]
Gen: 195, Best: 0.9944444444444445
[    4.00000 30914.95759     0.20002     2.09857     2.15053]
Gen: 196, Best: 0.9944444444444445
[    4.00000 30914.95759     0.20002     2.09857     2.15053]
Gen: 197, Best: 0.9944444444444445
[    4.00000 30914.95759     0.20002     2.09857     2.15053]
Gen: 198, Best: 0.9944444444444445
[    4.00000 30914.95759     0.20002     2.09857     2.15053]
Gen: 199, Best: 0.9944444444444445
[    4.00000 30914.95759     0.20002     2.09857     2.15053]
Gen: 200, Best: 0.9944444444444445
[    4.00000 30914.95759     0.20002     2.09857     2.15053]
Gen: 201, Best: 0.9944444444444445
[    4.00000 30914.95759     0.20002     2.09857     2.15053]
Gen: 202, Best: 0.9944444444444445
[    4.00000 30914.95759     0.20002     2.09857     2.15053]
Gen: 203, Best: 0.9944444444444445
[    4.00000 30914.95759     0.20002     2.09857     2.15053]
Gen: 204, Best: 0.9944444444444445
[    4.00000 30914.95759     0.20002     2.09857     2.15053]
Gen: 205, Best: 0.9944444444444445
[    4.00000 30914.95759     0.20002     2.09857     2.15053]
Gen: 206, Best: 0.9944444444444445
[    4.00000 30914.95759     0.20002     2.09857     2.15053]
Gen: 207, Best: 0.9944444444444445
[    4.00000 30914.95759     0.20002     2.09857     2.15053]
Gen: 208, Best: 0.9944444444444445
[    4.00000 30914.95759     0.20002     2.09857     2.15053]
Gen: 209, Best: 0.9944444444444445
[    4.00000 30914.95759     0.20002     2.09857     2.15053]
Gen: 210, Best: 0.9944444444444445
[    4.00000 30914.95759     0.20002     2.09857     2.15053]
Gen: 211, Best: 0.9944444444444445
[    4.00000 30914.95759     0.20002     2.09857     2.15053]
Gen: 212, Best: 0.9944444444444445
[    4.00000 30914.95759     0.20002     2.09857     2.15053]
Gen: 213, Best: 0.9944444444444445
[    4.00000 30914.95759     0.20002     2.09857     2.15053]
Gen: 214, Best: 0.9944444444444445
[    4.00000 30914.95759     0.20002     2.09857     2.15053]
Gen: 215, Best: 0.9944444444444445
[    4.00000 30914.95759     0.20002     2.09857     2.15053]
Gen: 216, Best: 0.9944444444444445
[    4.00000 30914.95759     0.20002     2.09857     2.15053]
Gen: 217, Best: 0.9944444444444445
[    4.00000 30914.95759     0.20002     2.09857     2.15053]
Gen: 218, Best: 0.9944444444444445
[    4.00000 30914.95759     0.20002     2.09857     2.15053]
Gen: 219, Best: 0.9944444444444445
[    4.00000 30914.95759     0.20002     2.09857     2.15053]
Gen: 220, Best: 0.9944444444444445
[    4.00000 30914.95759     0.20002     2.09857     2.15053]
Gen: 221, Best: 0.9944444444444445
[    4.00000 30914.95759     0.20002     2.09857     2.15053]
Gen: 222, Best: 0.9944444444444445
[    4.00000 30914.95759     0.20002     2.09857     2.15053]
Gen: 223, Best: 0.9944444444444445
[    4.00000 30914.95759     0.20002     2.09857     2.15053]
Gen: 224, Best: 0.9944444444444445
[    4.00000 30914.95759     0.20002     2.09857     2.15053]
Gen: 225, Best: 0.9944444444444445
[    4.00000 30914.95759     0.20002     2.09857     2.15053]
Gen: 226, Best: 0.9944444444444445
[    4.00000 30914.95759     0.20002     2.09857     2.15053]
Gen: 227, Best: 0.9944444444444445
[    4.00000 30914.95759     0.20002     2.09857     2.15053]
Gen: 228, Best: 0.9944444444444445
[    4.00000 30914.95759     0.20002     2.09857     2.15053]
Gen: 229, Best: 0.9944444444444445
[    4.00000 30914.95759     0.20002     2.09857     2.15053]
Gen: 230, Best: 0.9944444444444445
[    4.00000 30914.95759     0.20002     2.09857     2.15053]
Gen: 231, Best: 0.9944444444444445
[    4.00000 30914.95759     0.20002     2.09857     2.15053]
Gen: 232, Best: 0.9944444444444445
[    4.00000 30914.95759     0.20002     2.09857     2.15053]
Gen: 233, Best: 0.9944444444444445
[    4.00000 30914.95759     0.20002     2.09857     2.15053]
Gen: 234, Best: 0.9944444444444445
[    4.00000 30914.95759     0.20002     2.09857     2.15053]
Gen: 235, Best: 0.9944444444444445
[    4.00000 30914.95759     0.20002     2.09857     2.15053]
Gen: 236, Best: 0.9944444444444445
[    4.00000 30914.95759     0.20002     2.09857     2.15053]
Gen: 237, Best: 0.9944444444444445
[    4.00000 30914.95759     0.20002     2.09857     2.15053]
Gen: 238, Best: 0.9944444444444445
[    4.00000 30914.95759     0.20002     2.09857     2.15053]
Gen: 239, Best: 0.9944444444444445
[    4.00000 30914.95759     0.20002     2.09857     2.15053]
Gen: 240, Best: 0.9944444444444445
[    4.00000 30914.95759     0.20002     2.09857     2.15053]
Gen: 241, Best: 0.9944444444444445
[    4.00000 30914.95759     0.20002     2.09857     2.15053]
Gen: 242, Best: 0.9944444444444445
[    4.00000 30914.95759     0.20002     2.09857     2.15053]
Gen: 243, Best: 0.9944444444444445
[    4.00000 30914.95759     0.20002     2.09857     2.15053]
Gen: 244, Best: 0.9944444444444445
[    4.00000 30914.95759     0.20002     2.09857     2.15053]
Gen: 245, Best: 0.9944444444444445
[    4.00000 30914.95759     0.20002     2.09857     2.15053]
Gen: 246, Best: 0.9944444444444445
[    4.00000 30914.95759     0.20002     2.09857     2.15053]
Gen: 247, Best: 0.9944444444444445
[    4.00000 30914.95759     0.20002     2.09857     2.15053]
Gen: 248, Best: 0.9944444444444445
[    4.00000 30914.95759     0.20002     2.09857     2.15053]
Gen: 249, Best: 0.9944444444444445
[    4.00000 30914.95759     0.20002     2.09857     2.15053]
Gen: 250, Best: 0.9944444444444445
[    4.00000 30914.95759     0.20002     2.09857     2.15053]
Gen: 251, Best: 0.9944444444444445
[    4.00000 30914.95759     0.20002     2.09857     2.15053]
Gen: 252, Best: 0.9944444444444445
[    4.00000 30914.95759     0.20002     2.09857     2.15053]
Gen: 253, Best: 0.9944444444444445
[    4.00000 30914.95759     0.20002     2.09857     2.15053]
Gen: 254, Best: 0.9944444444444445
[    4.00000 30914.95759     0.20002     2.09857     2.15053]
Gen: 255, Best: 0.9944444444444445
[    4.00000 30914.95759     0.20002     2.09857     2.15053]
Gen: 256, Best: 0.9944444444444445
[    4.00000 30914.95759     0.20002     2.09857     2.15053]
Gen: 257, Best: 0.9944444444444445
[    4.00000 30914.95759     0.20002     2.09857     2.15053]
Gen: 258, Best: 0.9944444444444445
[    4.00000 30914.95759     0.20002     2.09857     2.15053]
Gen: 259, Best: 0.9944444444444445
[    4.00000 30914.95759     0.20002     2.09857     2.15053]
Gen: 260, Best: 0.9944444444444445
[    4.00000 30914.95759     0.20002     2.09857     2.15053]
Gen: 261, Best: 0.9944444444444445
[    4.00000 30914.95759     0.20002     2.09857     2.15053]
Gen: 262, Best: 0.9944444444444445
[    4.00000 30914.95759     0.20002     2.09857     2.15053]
Gen: 263, Best: 0.9944444444444445
[    4.00000 30914.95759     0.20002     2.09857     2.15053]
Gen: 264, Best: 0.9944444444444445
[    4.00000 30914.95759     0.20002     2.09857     2.15053]
Gen: 265, Best: 0.9944444444444445
[    4.00000 30914.95759     0.20002     2.09857     2.15053]
Gen: 266, Best: 0.9944444444444445
[    4.00000 30914.95759     0.20002     2.09857     2.15053]
Gen: 267, Best: 0.9944444444444445
[    4.00000 30914.95759     0.20002     2.09857     2.15053]
Gen: 268, Best: 0.9944444444444445
[    4.00000 30914.95759     0.20002     2.09857     2.15053]
Gen: 269, Best: 0.9944444444444445
[    4.00000 30914.95759     0.20002     2.09857     2.15053]
Gen: 270, Best: 0.9944444444444445
[    4.00000 30914.95759     0.20002     2.09857     2.15053]
Gen: 271, Best: 0.9944444444444445
[    4.00000 30914.95759     0.20002     2.09857     2.15053]
Gen: 272, Best: 0.9944444444444445
[    4.00000 30914.95759     0.20002     2.09857     2.15053]
Gen: 273, Best: 0.9944444444444445
[    4.00000 30914.95759     0.20002     2.09857     2.15053]
Gen: 274, Best: 0.9944444444444445
[    4.00000 30914.95759     0.20002     2.09857     2.15053]
Gen: 275, Best: 0.9944444444444445
[    4.00000 30914.95759     0.20002     2.09857     2.15053]
Gen: 276, Best: 0.9944444444444445
[    4.00000 30914.95759     0.20002     2.09857     2.15053]
Gen: 277, Best: 0.9944444444444445
[    4.00000 30914.95759     0.20002     2.09857     2.15053]
Gen: 278, Best: 0.9944444444444445
[    4.00000 30914.95759     0.20002     2.09857     2.15053]
Gen: 279, Best: 0.9944444444444445
[    4.00000 30914.95759     0.20002     2.09857     2.15053]
Gen: 280, Best: 0.9944444444444445
[    4.00000 30914.95759     0.20002     2.09857     2.15053]
Gen: 281, Best: 0.9944444444444445
[    4.00000 30914.95759     0.20002     2.09857     2.15053]
Gen: 282, Best: 0.9944444444444445
[    4.00000 30914.95759     0.20002     2.09857     2.15053]
Gen: 283, Best: 0.9944444444444445
[    4.00000 30914.95759     0.20002     2.09857     2.15053]
Gen: 284, Best: 0.9944444444444445
[    4.00000 30914.95759     0.20002     2.09857     2.15053]
Gen: 285, Best: 0.9944444444444445
[    4.00000 30914.95759     0.20002     2.09857     2.15053]
Gen: 286, Best: 0.9944444444444445
[    4.00000 30914.95759     0.20002     2.09857     2.15053]
Gen: 287, Best: 0.9944444444444445
[    4.00000 30914.95759     0.20002     2.09857     2.15053]
Gen: 288, Best: 0.9944444444444445
[    4.00000 30914.95759     0.20002     2.09857     2.15053]
Gen: 289, Best: 0.9944444444444445
[    4.00000 30914.95759     0.20002     2.09857     2.15053]
Gen: 290, Best: 0.9944444444444445
[    4.00000 30914.95759     0.20002     2.09857     2.15053]
Gen: 291, Best: 0.9944444444444445
[    4.00000 30914.95759     0.20002     2.09857     2.15053]
Gen: 292, Best: 0.9944444444444445
[    4.00000 30914.95759     0.20002     2.09857     2.15053]
Gen: 293, Best: 0.9944444444444445
[    4.00000 30914.95759     0.20002     2.09857     2.15053]
Gen: 294, Best: 0.9944444444444445
[    4.00000 30914.95759     0.20002     2.09857     2.15053]
Gen: 295, Best: 0.9944444444444445
[    4.00000 30914.95759     0.20002     2.09857     2.15053]
Gen: 296, Best: 0.9944444444444445
[    4.00000 30914.95759     0.20002     2.09857     2.15053]
Gen: 297, Best: 0.9944444444444445
[    4.00000 30914.95759     0.20002     2.09857     2.15053]
Gen: 298, Best: 0.9944444444444445
[    4.00000 30914.95759     0.20002     2.09857     2.15053]
Gen: 299, Best: 0.9944444444444445
[    4.00000 30914.95759     0.20002     2.09857     2.15053]
Gen: 300, Best: 0.9944444444444445
[    4.00000 30914.95759     0.20002     2.09857     2.15053]
Gen: 301, Best: 0.9944444444444445
[    4.00000 30914.95759     0.20002     2.09857     2.15053]
Gen: 302, Best: 0.9944444444444445
[    4.00000 30914.95759     0.20002     2.09857     2.15053]
Gen: 303, Best: 0.9944444444444445
[    4.00000 30914.95759     0.20002     2.09857     2.15053]
Gen: 304, Best: 0.9944444444444445
[    4.00000 30914.95759     0.20002     2.09857     2.15053]
Gen: 305, Best: 0.9944444444444445
[    4.00000 30914.95759     0.20002     2.09857     2.15053]
Gen: 306, Best: 0.9944444444444445
[    4.00000 30914.95759     0.20002     2.09857     2.15053]
Gen: 307, Best: 0.9944444444444445
[    4.00000 30914.95759     0.20002     2.09857     2.15053]
Gen: 308, Best: 0.9944444444444445
[    4.00000 30914.95759     0.20002     2.09857     2.15053]
Gen: 309, Best: 0.9944444444444445
[    4.00000 30914.95759     0.20002     2.09857     2.15053]
Gen: 310, Best: 0.9944444444444445
[    4.00000 30914.95759     0.20002     2.09857     2.15053]
Gen: 311, Best: 0.9944444444444445
[    4.00000 30914.95759     0.20002     2.09857     2.15053]
Gen: 312, Best: 0.9944444444444445
[    4.00000 30914.95759     0.20002     2.09857     2.15053]
Gen: 313, Best: 0.9944444444444445
[    4.00000 30914.95759     0.20002     2.09857     2.15053]
Gen: 314, Best: 0.9944444444444445
[    4.00000 30914.95759     0.20002     2.09857     2.15053]
Gen: 315, Best: 0.9944444444444445
[    4.00000 30914.95759     0.20002     2.09857     2.15053]
Gen: 316, Best: 0.9944444444444445
[    4.00000 30914.95759     0.20002     2.09857     2.15053]
Gen: 317, Best: 0.9944444444444445
[    4.00000 30914.95759     0.20002     2.09857     2.15053]
Gen: 318, Best: 0.9944444444444445
[    4.00000 30914.95759     0.20002     2.09857     2.15053]
Gen: 319, Best: 0.9944444444444445
[    4.00000 30914.95759     0.20002     2.09857     2.15053]
Gen: 320, Best: 0.9944444444444445
[    4.00000 30914.95759     0.20002     2.09857     2.15053]
Gen: 321, Best: 0.9944444444444445
[    4.00000 30914.95759     0.20002     2.09857     2.15053]
Gen: 322, Best: 0.9944444444444445
[    4.00000 30914.95759     0.20002     2.09857     2.15053]
Gen: 323, Best: 0.9944444444444445
[    4.00000 30914.95759     0.20002     2.09857     2.15053]
Gen: 324, Best: 0.9944444444444445
[    4.00000 30914.95759     0.20002     2.09857     2.15053]
Gen: 325, Best: 0.9944444444444445
[    4.00000 30914.95759     0.20002     2.09857     2.15053]
Gen: 326, Best: 0.9944444444444445
[    4.00000 30914.95759     0.20002     2.09857     2.15053]
Gen: 327, Best: 0.9944444444444445
[    4.00000 30914.95759     0.20002     2.09857     2.15053]
Gen: 328, Best: 0.9944444444444445
[    4.00000 30914.95759     0.20002     2.09857     2.15053]
Gen: 329, Best: 0.9944444444444445
[    4.00000 30914.95759     0.20002     2.09857     2.15053]
Gen: 330, Best: 0.9944444444444445
[    4.00000 30914.95759     0.20002     2.09857     2.15053]
Gen: 331, Best: 0.9944444444444445
[    4.00000 30914.95759     0.20002     2.09857     2.15053]
Gen: 332, Best: 0.9944444444444445
[    4.00000 30914.95759     0.20002     2.09857     2.15053]
Gen: 333, Best: 0.9944444444444445
[    4.00000 30914.95759     0.20002     2.09857     2.15053]
Gen: 334, Best: 0.9944444444444445
[    4.00000 30914.95759     0.20002     2.09857     2.15053]
Gen: 335, Best: 0.9944444444444445
[    4.00000 30914.95759     0.20002     2.09857     2.15053]
Gen: 336, Best: 0.9944444444444445
[    4.00000 30914.95759     0.20002     2.09857     2.15053]
Gen: 337, Best: 0.9944444444444445
[    4.00000 30914.95759     0.20002     2.09857     2.15053]
Gen: 338, Best: 0.9944444444444445
[    4.00000 30914.95759     0.20002     2.09857     2.15053]
Gen: 339, Best: 0.9944444444444445
[    4.00000 30914.95759     0.20002     2.09857     2.15053]
Gen: 340, Best: 0.9944444444444445
[    4.00000 30914.95759     0.20002     2.09857     2.15053]
Gen: 341, Best: 0.9944444444444445
[    4.00000 30914.95759     0.20002     2.09857     2.15053]
Gen: 342, Best: 0.9944444444444445
[    4.00000 30914.95759     0.20002     2.09857     2.15053]
Gen: 343, Best: 0.9944444444444445
[    4.00000 30914.95759     0.20002     2.09857     2.15053]
Gen: 344, Best: 0.9944444444444445
[    4.00000 30914.95759     0.20002     2.09857     2.15053]
Gen: 345, Best: 0.9944444444444445
[    4.00000 30914.95759     0.20002     2.09857     2.15053]
Gen: 346, Best: 0.9944444444444445
[    4.00000 30914.95759     0.20002     2.09857     2.15053]
Gen: 347, Best: 0.9944444444444445
[    4.00000 30914.95759     0.20002     2.09857     2.15053]
Gen: 348, Best: 0.9944444444444445
[    4.00000 30914.95759     0.20002     2.09857     2.15053]
Gen: 349, Best: 0.9944444444444445
[    4.00000 30914.95759     0.20002     2.09857     2.15053]
Gen: 350, Best: 0.9944444444444445
[    4.00000 30914.95759     0.20002     2.09857     2.15053]
Gen: 351, Best: 0.9944444444444445
[    4.00000 30914.95759     0.20002     2.09857     2.15053]
Gen: 352, Best: 0.9944444444444445
[    4.00000 30914.95759     0.20002     2.09857     2.15053]
Gen: 353, Best: 0.9944444444444445
[    4.00000 30914.95759     0.20002     2.09857     2.15053]
Gen: 354, Best: 0.9944444444444445
[    4.00000 30914.95759     0.20002     2.09857     2.15053]
Gen: 355, Best: 0.9944444444444445
[    4.00000 30914.95759     0.20002     2.09857     2.15053]
Gen: 356, Best: 0.9944444444444445
[    4.00000 30914.95759     0.20002     2.09857     2.15053]
Gen: 357, Best: 0.9944444444444445
[    4.00000 30914.95759     0.20002     2.09857     2.15053]
Gen: 358, Best: 0.9944444444444445
[    4.00000 30914.95759     0.20002     2.09857     2.15053]
Gen: 359, Best: 0.9944444444444445
[    4.00000 30914.95759     0.20002     2.09857     2.15053]
Gen: 360, Best: 0.9944444444444445
[    4.00000 30914.95759     0.20002     2.09857     2.15053]
Gen: 361, Best: 0.9944444444444445
[    4.00000 30914.95759     0.20002     2.09857     2.15053]
Gen: 362, Best: 0.9944444444444445
[    4.00000 30914.95759     0.20002     2.09857     2.15053]
Gen: 363, Best: 0.9944444444444445
[    4.00000 30914.95759     0.20002     2.09857     2.15053]
Gen: 364, Best: 0.9944444444444445
[    4.00000 30914.95759     0.20002     2.09857     2.15053]
Gen: 365, Best: 0.9944444444444445
[    4.00000 30914.95759     0.20002     2.09857     2.15053]
Gen: 366, Best: 0.9944444444444445
[    4.00000 30914.95759     0.20002     2.09857     2.15053]
Gen: 367, Best: 0.9944444444444445
[    4.00000 30914.95759     0.20002     2.09857     2.15053]
Gen: 368, Best: 0.9944444444444445
[    4.00000 30914.95759     0.20002     2.09857     2.15053]
Gen: 369, Best: 0.9944444444444445
[    4.00000 30914.95759     0.20002     2.09857     2.15053]
Gen: 370, Best: 0.9944444444444445
[    4.00000 30914.95759     0.20002     2.09857     2.15053]
Gen: 371, Best: 0.9944444444444445
[    4.00000 30914.95759     0.20002     2.09857     2.15053]
Gen: 372, Best: 0.9944444444444445
[    4.00000 30914.95759     0.20002     2.09857     2.15053]
Gen: 373, Best: 0.9944444444444445
[    4.00000 30914.95759     0.20002     2.09857     2.15053]
Gen: 374, Best: 0.9944444444444445
[    4.00000 30914.95759     0.20002     2.09857     2.15053]
Gen: 375, Best: 0.9944444444444445
[    4.00000 30914.95759     0.20002     2.09857     2.15053]
Gen: 376, Best: 0.9944444444444445
[    4.00000 30914.95759     0.20002     2.09857     2.15053]
Gen: 377, Best: 0.9944444444444445
[    4.00000 30914.95759     0.20002     2.09857     2.15053]
Gen: 378, Best: 0.9944444444444445
[    4.00000 30914.95759     0.20002     2.09857     2.15053]
Gen: 379, Best: 0.9944444444444445
[    4.00000 30914.95759     0.20002     2.09857     2.15053]
Gen: 380, Best: 0.9944444444444445
[    4.00000 30914.95759     0.20002     2.09857     2.15053]
Gen: 381, Best: 0.9944444444444445
[    4.00000 30914.95759     0.20002     2.09857     2.15053]
Gen: 382, Best: 0.9944444444444445
[    4.00000 30914.95759     0.20002     2.09857     2.15053]
Gen: 383, Best: 0.9944444444444445
[    4.00000 30914.95759     0.20002     2.09857     2.15053]
Gen: 384, Best: 0.9944444444444445
[    4.00000 30914.95759     0.20002     2.09857     2.15053]
Gen: 385, Best: 0.9944444444444445
[    4.00000 30914.95759     0.20002     2.09857     2.15053]
Gen: 386, Best: 0.9944444444444445
[    4.00000 30914.95759     0.20002     2.09857     2.15053]
Gen: 387, Best: 0.9944444444444445
[    4.00000 30914.95759     0.20002     2.09857     2.15053]
Gen: 388, Best: 0.9944444444444445
[    4.00000 30914.95759     0.20002     2.09857     2.15053]
Gen: 389, Best: 0.9944444444444445
[    4.00000 30914.95759     0.20002     2.09857     2.15053]
Gen: 390, Best: 0.9944444444444445
[    4.00000 30914.95759     0.20002     2.09857     2.15053]
Gen: 391, Best: 0.9944444444444445
[    4.00000 30914.95759     0.20002     2.09857     2.15053]
Gen: 392, Best: 0.9944444444444445
[    4.00000 30914.95759     0.20002     2.09857     2.15053]
Gen: 393, Best: 0.9944444444444445
[    4.00000 30914.95759     0.20002     2.09857     2.15053]
Gen: 394, Best: 0.9944444444444445
[    4.00000 30914.95759     0.20002     2.09857     2.15053]
Gen: 395, Best: 0.9944444444444445
[    4.00000 30914.95759     0.20002     2.09857     2.15053]
Gen: 396, Best: 0.9944444444444445
[    4.00000 30914.95759     0.20002     2.09857     2.15053]
Gen: 397, Best: 0.9944444444444445
[    4.00000 30914.95759     0.20002     2.09857     2.15053]
Gen: 398, Best: 0.9944444444444445
[    4.00000 30914.95759     0.20002     2.09857     2.15053]
Gen: 399, Best: 0.9944444444444445
[    4.00000 30914.95759     0.20002     2.09857     2.15053]
Gen: 400, Best: 0.9944444444444445
[    4.00000 30914.95759     0.20002     2.09857     2.15053]
Gen: 401, Best: 0.9944444444444445
[    4.00000 30914.95759     0.20002     2.09857     2.15053]
Gen: 402, Best: 0.9944444444444445
[    4.00000 30914.95759     0.20002     2.09857     2.15053]
Gen: 403, Best: 0.9944444444444445
[    4.00000 30914.95759     0.20002     2.09857     2.15053]
Gen: 404, Best: 0.9944444444444445
[    4.00000 30914.95759     0.20002     2.09857     2.15053]
Gen: 405, Best: 0.9944444444444445
[    4.00000 30914.95759     0.20002     2.09857     2.15053]
Gen: 406, Best: 0.9944444444444445
[    4.00000 30914.95759     0.20002     2.09857     2.15053]
Gen: 407, Best: 0.9944444444444445
[    4.00000 30914.95759     0.20002     2.09857     2.15053]
Gen: 408, Best: 0.9944444444444445
[    4.00000 30914.95759     0.20002     2.09857     2.15053]
Gen: 409, Best: 0.9944444444444445
[    4.00000 30914.95759     0.20002     2.09857     2.15053]
Gen: 410, Best: 0.9944444444444445
[    4.00000 30914.95759     0.20002     2.09857     2.15053]
Gen: 411, Best: 0.9944444444444445
[    4.00000 30914.95759     0.20002     2.09857     2.15053]
Gen: 412, Best: 0.9944444444444445
[    4.00000 30914.95759     0.20002     2.09857     2.15053]
Gen: 413, Best: 0.9944444444444445
[    4.00000 30914.95759     0.20002     2.09857     2.15053]
Gen: 414, Best: 0.9944444444444445
[    4.00000 30914.95759     0.20002     2.09857     2.15053]
Gen: 415, Best: 0.9944444444444445
[    4.00000 30914.95759     0.20002     2.09857     2.15053]
Gen: 416, Best: 0.9944444444444445
[    4.00000 30914.95759     0.20002     2.09857     2.15053]
Gen: 417, Best: 0.9944444444444445
[    4.00000 30914.95759     0.20002     2.09857     2.15053]
Gen: 418, Best: 0.9944444444444445
[    4.00000 30914.95759     0.20002     2.09857     2.15053]
Gen: 419, Best: 0.9944444444444445
[    4.00000 30914.95759     0.20002     2.09857     2.15053]
Gen: 420, Best: 0.9944444444444445
[    4.00000 30914.95759     0.20002     2.09857     2.15053]
Gen: 421, Best: 0.9944444444444445
[    4.00000 30914.95759     0.20002     2.09857     2.15053]
Gen: 422, Best: 0.9944444444444445
[    4.00000 30914.95759     0.20002     2.09857     2.15053]
Gen: 423, Best: 0.9944444444444445
[    4.00000 30914.95759     0.20002     2.09857     2.15053]
Gen: 424, Best: 0.9944444444444445
[    4.00000 30914.95759     0.20002     2.09857     2.15053]
Gen: 425, Best: 0.9944444444444445
[    4.00000 30914.95759     0.20002     2.09857     2.15053]
Gen: 426, Best: 0.9944444444444445
[    4.00000 30914.95759     0.20002     2.09857     2.15053]
Gen: 427, Best: 0.9944444444444445
[    4.00000 30914.95759     0.20002     2.09857     2.15053]
Gen: 428, Best: 0.9944444444444445
[    4.00000 30914.95759     0.20002     2.09857     2.15053]
Gen: 429, Best: 0.9944444444444445
[    4.00000 30914.95759     0.20002     2.09857     2.15053]
Gen: 430, Best: 0.9944444444444445
[    4.00000 30914.95759     0.20002     2.09857     2.15053]
Gen: 431, Best: 0.9944444444444445
[    4.00000 30914.95759     0.20002     2.09857     2.15053]
Gen: 432, Best: 0.9944444444444445
[    4.00000 30914.95759     0.20002     2.09857     2.15053]
Gen: 433, Best: 0.9944444444444445
[    4.00000 30914.95759     0.20002     2.09857     2.15053]
Gen: 434, Best: 0.9944444444444445
[    4.00000 30914.95759     0.20002     2.09857     2.15053]
Gen: 435, Best: 0.9944444444444445
[    4.00000 30914.95759     0.20002     2.09857     2.15053]
Gen: 436, Best: 0.9944444444444445
[    4.00000 30914.95759     0.20002     2.09857     2.15053]
Gen: 437, Best: 0.9944444444444445
[    4.00000 30914.95759     0.20002     2.09857     2.15053]
Gen: 438, Best: 0.9944444444444445
[    4.00000 30914.95759     0.20002     2.09857     2.15053]
Gen: 439, Best: 0.9944444444444445
[    4.00000 30914.95759     0.20002     2.09857     2.15053]
Gen: 440, Best: 0.9944444444444445
[    4.00000 30914.95759     0.20002     2.09857     2.15053]
Gen: 441, Best: 0.9944444444444445
[    4.00000 30914.95759     0.20002     2.09857     2.15053]
Gen: 442, Best: 0.9944444444444445
[    4.00000 30914.95759     0.20002     2.09857     2.15053]
Gen: 443, Best: 0.9944444444444445
[    4.00000 30914.95759     0.20002     2.09857     2.15053]
Gen: 444, Best: 0.9944444444444445
[    4.00000 30914.95759     0.20002     2.09857     2.15053]
Gen: 445, Best: 0.9944444444444445
[    4.00000 30914.95759     0.20002     2.09857     2.15053]
Gen: 446, Best: 0.9944444444444445
[    4.00000 30914.95759     0.20002     2.09857     2.15053]
Gen: 447, Best: 0.9944444444444445
[    4.00000 30914.95759     0.20002     2.09857     2.15053]
Gen: 448, Best: 0.9944444444444445
[    4.00000 30914.95759     0.20002     2.09857     2.15053]
Gen: 449, Best: 0.9944444444444445
[    4.00000 30914.95759     0.20002     2.09857     2.15053]
Gen: 450, Best: 0.9944444444444445
[    4.00000 30914.95759     0.20002     2.09857     2.15053]
Gen: 451, Best: 0.9944444444444445
[    4.00000 30914.95759     0.20002     2.09857     2.15053]
Gen: 452, Best: 0.9944444444444445
[    4.00000 30914.95759     0.20002     2.09857     2.15053]
Gen: 453, Best: 0.9944444444444445
[    4.00000 30914.95759     0.20002     2.09857     2.15053]
Gen: 454, Best: 0.9944444444444445
[    4.00000 30914.95759     0.20002     2.09857     2.15053]
Gen: 455, Best: 0.9944444444444445
[    4.00000 30914.95759     0.20002     2.09857     2.15053]
Gen: 456, Best: 0.9944444444444445
[    4.00000 30914.95759     0.20002     2.09857     2.15053]
Gen: 457, Best: 0.9944444444444445
[    4.00000 30914.95759     0.20002     2.09857     2.15053]
Gen: 458, Best: 0.9944444444444445
[    4.00000 30914.95759     0.20002     2.09857     2.15053]
Gen: 459, Best: 0.9944444444444445
[    4.00000 30914.95759     0.20002     2.09857     2.15053]
Gen: 460, Best: 0.9944444444444445
[    4.00000 30914.95759     0.20002     2.09857     2.15053]
Gen: 461, Best: 0.9944444444444445
[    4.00000 30914.95759     0.20002     2.09857     2.15053]
Gen: 462, Best: 0.9944444444444445
[    4.00000 30914.95759     0.20002     2.09857     2.15053]
Gen: 463, Best: 0.9944444444444445
[    4.00000 30914.95759     0.20002     2.09857     2.15053]
Gen: 464, Best: 0.9944444444444445
[    4.00000 30914.95759     0.20002     2.09857     2.15053]
Gen: 465, Best: 0.9944444444444445
[    4.00000 30914.95759     0.20002     2.09857     2.15053]
Gen: 466, Best: 0.9944444444444445
[    4.00000 30914.95759     0.20002     2.09857     2.15053]
Gen: 467, Best: 0.9944444444444445
[    4.00000 30914.95759     0.20002     2.09857     2.15053]
Gen: 468, Best: 0.9944444444444445
[    4.00000 30914.95759     0.20002     2.09857     2.15053]
Gen: 469, Best: 0.9944444444444445
[    4.00000 30914.95759     0.20002     2.09857     2.15053]
Gen: 470, Best: 0.9944444444444445
[    4.00000 30914.95759     0.20002     2.09857     2.15053]
Gen: 471, Best: 0.9944444444444445
[    4.00000 30914.95759     0.20002     2.09857     2.15053]
Gen: 472, Best: 0.9944444444444445
[    4.00000 30914.95759     0.20002     2.09857     2.15053]
Gen: 473, Best: 0.9944444444444445
[    4.00000 30914.95759     0.20002     2.09857     2.15053]
Gen: 474, Best: 0.9944444444444445
[    4.00000 30914.95759     0.20002     2.09857     2.15053]
Gen: 475, Best: 0.9944444444444445
[    4.00000 30914.95759     0.20002     2.09857     2.15053]
Gen: 476, Best: 0.9944444444444445
[    4.00000 30914.95759     0.20002     2.09857     2.15053]
Gen: 477, Best: 0.9944444444444445
[    4.00000 30914.95759     0.20002     2.09857     2.15053]
Gen: 478, Best: 0.9944444444444445
[    4.00000 30914.95759     0.20002     2.09857     2.15053]
Gen: 479, Best: 0.9944444444444445
[    4.00000 30914.95759     0.20002     2.09857     2.15053]
Gen: 480, Best: 0.9944444444444445
[    4.00000 30914.95759     0.20002     2.09857     2.15053]
Gen: 481, Best: 0.9944444444444445
[    4.00000 30914.95759     0.20002     2.09857     2.15053]
Gen: 482, Best: 0.9944444444444445
[    4.00000 30914.95759     0.20002     2.09857     2.15053]
Gen: 483, Best: 0.9944444444444445
[    4.00000 30914.95759     0.20002     2.09857     2.15053]
Gen: 484, Best: 0.9944444444444445
[    4.00000 30914.95759     0.20002     2.09857     2.15053]
Gen: 485, Best: 0.9944444444444445
[    4.00000 30914.95759     0.20002     2.09857     2.15053]
Gen: 486, Best: 0.9944444444444445
[    4.00000 30914.95759     0.20002     2.09857     2.15053]
Gen: 487, Best: 0.9944444444444445
[    4.00000 30914.95759     0.20002     2.09857     2.15053]
Gen: 488, Best: 0.9944444444444445
[    4.00000 30914.95759     0.20002     2.09857     2.15053]
Gen: 489, Best: 0.9944444444444445
[    4.00000 30914.95759     0.20002     2.09857     2.15053]
Gen: 490, Best: 0.9944444444444445
[    4.00000 30914.95759     0.20002     2.09857     2.15053]
Gen: 491, Best: 0.9944444444444445
[    4.00000 30914.95759     0.20002     2.09857     2.15053]
Gen: 492, Best: 0.9944444444444445
[    4.00000 30914.95759     0.20002     2.09857     2.15053]
Gen: 493, Best: 0.9944444444444445
[    4.00000 30914.95759     0.20002     2.09857     2.15053]
Gen: 494, Best: 0.9944444444444445
[    4.00000 30914.95759     0.20002     2.09857     2.15053]
Gen: 495, Best: 0.9944444444444445
[    4.00000 30914.95759     0.20002     2.09857     2.15053]
Gen: 496, Best: 0.9944444444444445
[    4.00000 30914.95759     0.20002     2.09857     2.15053]
Gen: 497, Best: 0.9944444444444445
[    4.00000 30914.95759     0.20002     2.09857     2.15053]
Gen: 498, Best: 0.9944444444444445
[    4.00000 30914.95759     0.20002     2.09857     2.15053]
Gen: 499, Best: 0.9944444444444445
[    4.00000 30914.95759     0.20002     2.09857     2.15053]
Gen: 500, Best: 0.9944444444444445
[    4.00000 30914.95759     0.20002     2.09857     2.15053]
Best Solution: [    4.00000 30914.95759     0.20002     2.09857     2.15053]
Best Fitness: 0.9944444444444445
default Fitness: 0.9851851851851852
実行時間: 183.3193秒
SVMの実行時間: 182.9555秒
評価値:0.9926  [    4.00000 14425.78553     1.14078     7.40817     1.87688]
評価値:0.9704  [    1.00000 26523.57412     4.67429     8.80395     1.10988]
評価値:0.9944  [    4.00000 30914.95759     0.20002     2.09857     2.15053]
評価値:0.9944  [    4.00000 31109.14535     0.67689     1.58317     2.73452]
評価値:0.9944  [    4.00000 17922.60648     4.38954     7.82011     2.51652]
評価値:0.9704  [    1.00000 23384.45726     1.10902    -9.32682     2.91439]
評価値:0.9944  [    4.00000 12543.35425     4.93690     8.99378     2.54445]
評価値:0.9833  [    4.00000 29764.30107     0.00000    -3.71501     1.46526]
評価値:0.9704  [    1.00000 25957.60427     9.28955     1.18569     1.36926]
評価値:0.9944  [    4.00000 15950.63525     3.88540     7.89295     2.66200]
評価値:0.9926  [    4.00000 26566.27469     1.46837     7.54739     2.06693]
評価値:0.9944  [    4.00000 14836.67239     1.95134     5.85585     2.57913]
評価値:0.9944  [    4.00000 26405.61955     2.84212     6.74234     2.65646]
評価値:0.9704  [    1.00000 23104.35778    11.83507     1.97658     1.48972]
評価値:0.9944  [   4.00000 7121.43759    2.29900    6.11512    2.56908]
評価値:0.9944  [    4.00000 15095.15802     4.56615     8.22273     3.00000]
評価値:0.9833  [    4.00000 33463.34342     0.00000    -3.84883     1.31156]
評価値:0.9944  [   4.00000 3973.51165    2.97303    8.29740    2.91615]
評価値:0.9833  [    4.00000 33150.13877     0.00000     3.09215     1.11865]
評価値:0.9944  [ 4.00000 55.40322  4.71007 10.00000  2.67920]
