 
Gen: 1, Best: 0.9777777777777779
[    2.00000 33376.02543     0.89216     3.26429     4.26660]
Gen: 2, Best: 0.9777777777777779
[    2.00000 33376.02543     0.89216     3.26429     4.26660]
Gen: 3, Best: 0.9777777777777779
[    2.00000 33376.02543     0.89216     3.26429     4.26660]
Gen: 4, Best: 0.9777777777777779
[    2.00000 33376.02543     0.89216     3.26429     4.26660]
Gen: 5, Best: 0.9777777777777779
[    2.00000 33376.02543     0.89216     3.26429     4.26660]
Gen: 6, Best: 0.9777777777777779
[    2.00000 33376.02543     0.89216     3.26429     4.26660]
Gen: 7, Best: 0.9777777777777779
[    2.00000 33376.02543     0.89216     3.26429     4.26660]
Gen: 8, Best: 0.9777777777777779
[    2.00000 33376.02543     0.89216     3.26429     4.26660]
Gen: 9, Best: 0.9777777777777779
[    2.00000 33376.02543     0.89216     3.26429     4.26660]
Gen: 10, Best: 0.9777777777777779
[    2.00000 33376.02543     0.89216     3.26429     4.26660]
Gen: 11, Best: 0.9777777777777779
[    2.00000 33376.02543     0.89216     3.26429     4.26660]
Gen: 12, Best: 0.9777777777777779
[    2.00000 33376.02543     0.89216     3.26429     4.26660]
Gen: 13, Best: 0.9777777777777779
[    2.00000 33376.02543     0.89216     3.26429     4.26660]
Gen: 14, Best: 0.9777777777777779
[    2.00000 33376.02543     0.89216     3.26429     4.26660]
Gen: 15, Best: 0.9777777777777779
[    2.00000 33376.02543     0.89216     3.26429     4.26660]
Gen: 16, Best: 0.9777777777777779
[    2.00000 33376.02543     0.89216     3.26429     4.26660]
Gen: 17, Best: 0.9777777777777779
[    2.00000 33376.02543     0.89216     3.26429     4.26660]
Gen: 18, Best: 0.9777777777777779
[    2.00000 33376.02543     0.89216     3.26429     4.26660]
Gen: 19, Best: 0.9777777777777779
[    2.00000 33376.02543     0.89216     3.26429     4.26660]
Gen: 20, Best: 0.9777777777777779
[    2.00000 33376.02543     0.89216     3.26429     4.26660]
Gen: 21, Best: 0.9777777777777779
[    2.00000 33376.02543     0.89216     3.26429     4.26660]
Gen: 22, Best: 0.9777777777777779
[    2.00000 33376.02543     0.89216     3.26429     4.26660]
Gen: 23, Best: 0.9777777777777779
[    2.00000 33376.02543     0.89216     3.26429     4.26660]
Gen: 24, Best: 0.9777777777777779
[    2.00000 33376.02543     0.89216     3.26429     4.26660]
Gen: 25, Best: 0.9777777777777779
[    2.00000 33376.02543     0.89216     3.26429     4.26660]
Gen: 26, Best: 0.9777777777777779
[    2.00000 33376.02543     0.89216     3.26429     4.26660]
Gen: 27, Best: 0.9777777777777779
[    2.00000 33376.02543     0.89216     3.26429     4.26660]
Gen: 28, Best: 0.9777777777777779
[    2.00000 33376.02543     0.89216     3.26429     4.26660]
Gen: 29, Best: 0.9777777777777779
[    2.00000 33376.02543     0.89216     3.26429     4.26660]
Gen: 30, Best: 0.9777777777777779
[    2.00000 33376.02543     0.89216     3.26429     4.26660]
Gen: 31, Best: 0.9777777777777779
[    2.00000 33376.02543     0.89216     3.26429     4.26660]
Gen: 32, Best: 0.9777777777777779
[    2.00000 33376.02543     0.89216     3.26429     4.26660]
Gen: 33, Best: 0.9777777777777779
[    2.00000 33376.02543     0.89216     3.26429     4.26660]
Gen: 34, Best: 0.9777777777777779
[    2.00000 33376.02543     0.89216     3.26429     4.26660]
Gen: 35, Best: 0.9777777777777779
[    2.00000 33376.02543     0.89216     3.26429     4.26660]
Gen: 36, Best: 0.9777777777777779
[    2.00000 33376.02543     0.89216     3.26429     4.26660]
Gen: 37, Best: 0.9777777777777779
[    2.00000 33376.02543     0.89216     3.26429     4.26660]
Gen: 38, Best: 0.9777777777777779
[    2.00000 33376.02543     0.89216     3.26429     4.26660]
Gen: 39, Best: 0.9777777777777779
[    2.00000 33376.02543     0.89216     3.26429     4.26660]
Gen: 40, Best: 0.9777777777777779
[    2.00000 33376.02543     0.89216     3.26429     4.26660]
Gen: 41, Best: 0.9777777777777779
[    2.00000 33376.02543     0.89216     3.26429     4.26660]
Gen: 42, Best: 0.9777777777777779
[    2.00000 33376.02543     0.89216     3.26429     4.26660]
Gen: 43, Best: 0.9777777777777779
[    2.00000 33376.02543     0.89216     3.26429     4.26660]
Gen: 44, Best: 0.9777777777777779
[    2.00000 33376.02543     0.89216     3.26429     4.26660]
Gen: 45, Best: 0.9777777777777779
[    2.00000 33376.02543     0.89216     3.26429     4.26660]
Gen: 46, Best: 0.9777777777777779
[    2.00000 33376.02543     0.89216     3.26429     4.26660]
Gen: 47, Best: 0.9777777777777779
[    2.00000 33376.02543     0.89216     3.26429     4.26660]
Gen: 48, Best: 0.9777777777777779
[    2.00000 33376.02543     0.89216     3.26429     4.26660]
Gen: 49, Best: 0.9777777777777779
[    2.00000 33376.02543     0.89216     3.26429     4.26660]
Gen: 50, Best: 0.9777777777777779
[    2.00000 33376.02543     0.89216     3.26429     4.26660]
Best Solution: [    2.00000 33376.02543     0.89216     3.26429     4.26660]
Best Fitness: 0.9777777777777779
実行時間: 0.6824秒
SVMの実行時間: 0.6519秒
