?W????(0??L??): 0
?f?[?^?Z?b?g: iris
??????w?K??: 1.0e+09
r_range = (-10, 10)
?R???j?[?T?C?Y: 20
??@?o?`??LIMIT: 100
?T?C?N????: 500
???s??: 3
###############

1???s??

###############
??????1 , Fitness:0.9574468085106385
[    2.00000 10442.85244     5.61066     2.96530     2.55185]
??????2 , Fitness:0.7758620689655173
[    2.00000 10085.11634    15.97739     6.93159     2.39919]
??????3 , Fitness:0.9782608695652175
[   4.00000 7122.41813   27.04514    7.49914    2.51516]
??????4 , Fitness:0.9782608695652175
[    4.00000 17631.07381     3.20692     9.27678     1.46664]
??????5 , Fitness:0.7499999999999999
[    2.00000 14117.69557    24.91993    -5.30594     2.99327]
??????6 , Fitness:0.7758620689655173
[  3.00000 850.86450  17.09219   6.64196   1.03521]
??????7 , Fitness:0.9782608695652175
[    1.00000 25083.85638    10.08804    -4.39380     1.05135]
??????8 , Fitness:0.7499999999999999
[    3.00000 25961.90755    14.42259    -2.16259     1.84875]
??????9 , Fitness:0.9782608695652175
[   1.00000 1542.38824   31.46724   -4.60765    1.50207]
??????10 , Fitness:0.9782608695652175
[    1.00000 15683.70653     8.82603    -0.96832     1.58440]
??????11 , Fitness:0.7499999999999999
[    3.00000 27765.73228    23.66938    -3.25603     2.42745]
??????12 , Fitness:0.7377049180327868
[   3.00000 3444.09358   29.29383   -4.90025    2.66350]
??????13 , Fitness:0.9782608695652175
[    4.00000 23171.41869    18.83238    -9.14922     1.03315]
??????14 , Fitness:0.9782608695652175
[    4.00000 24129.53768     8.58230    -1.81613     1.42372]
??????15 , Fitness:0.5056179775280899
[    4.00000 27624.88747     6.14815    -8.63979     1.89624]
??????16 , Fitness:0.9782608695652175
[    3.00000 15030.46069     0.01005     2.35653     1.94417]
??????17 , Fitness:0.9782608695652175
[    1.00000 20668.34560    15.02713    -7.25959     1.18899]
??????18 , Fitness:0.7627118644067796
[    3.00000 29078.45488     0.98849     6.55522     1.62585]
??????19 , Fitness:0.8823529411764706
[   2.00000 4274.24803    9.58569    5.41154    2.94545]
??????20 , Fitness:0.7894736842105263
[   3.00000 6190.21287   10.47504    5.23746    1.98183]
Gen: 1, Best: 0.9777777777777779
[   4.00000 7122.41813   27.04514    7.49914    2.51516]
Gen: 2, Best: 0.9777777777777779
[   4.00000 7122.41813   27.04514    7.49914    2.51516]
Gen: 3, Best: 0.9777777777777779
[   4.00000 7122.41813   27.04514    7.49914    2.51516]
Gen: 4, Best: 0.9777777777777779
[    2.00000 10442.85244     4.86514     2.96530     2.55185]
Gen: 5, Best: 0.9777777777777779
[    2.00000 10442.85244     4.86514     2.96530     2.55185]
Gen: 6, Best: 0.9777777777777779
[    2.00000 10442.85244     4.86514     2.96530     2.55185]
Gen: 7, Best: 0.9777777777777779
[    2.00000 10442.85244     4.86514     2.96530     2.55185]
Gen: 8, Best: 0.9777777777777779
[    2.00000 10442.85244     4.86514     2.96530     2.55185]
Gen: 9, Best: 0.9777777777777779
[    2.00000 10442.85244     4.86514     2.96530     2.55185]
Gen: 10, Best: 0.9777777777777779
[    2.00000 10442.85244     4.86514     2.96530     2.55185]
Gen: 11, Best: 0.9777777777777779
[    2.00000 10442.85244     4.86514     2.96530     2.55185]
Gen: 12, Best: 0.9777777777777779
[    2.00000 10442.85244     4.86514     2.96530     2.55185]
Gen: 13, Best: 0.9777777777777779
[    2.00000 10442.85244     4.86514     2.96530     2.55185]
Gen: 14, Best: 0.9777777777777779
[    2.00000 10442.85244     4.86514     2.96530     2.55185]
Gen: 15, Best: 0.9777777777777779
[    2.00000 10442.85244     4.86514     2.96530     2.55185]
Gen: 16, Best: 0.9777777777777779
[    2.00000 10442.85244     4.86514     2.96530     2.55185]
Gen: 17, Best: 0.9777777777777779
[    2.00000 10442.85244     4.86514     2.96530     2.55185]
Gen: 18, Best: 0.9777777777777779
[    2.00000 10442.85244     4.86514     2.96530     2.55185]
Gen: 19, Best: 0.9777777777777779
[    2.00000 10442.85244     4.86514     2.96530     2.55185]
Gen: 20, Best: 0.9777777777777779
[    2.00000 10442.85244     4.86514     2.96530     2.55185]
Gen: 21, Best: 0.9777777777777779
[    2.00000 10442.85244     4.86514     2.96530     2.55185]
Gen: 22, Best: 0.9777777777777779
[    2.00000 10442.85244     4.86514     2.96530     2.55185]
Gen: 23, Best: 0.9777777777777779
[    2.00000 10442.85244     4.86514     2.96530     2.55185]
Gen: 24, Best: 0.9777777777777779
[    2.00000 10442.85244     4.86514     2.96530     2.55185]
Gen: 25, Best: 0.9777777777777779
[    2.00000 10442.85244     4.86514     2.96530     2.55185]
Gen: 26, Best: 0.9777777777777779
[    2.00000 10442.85244     4.86514     2.96530     2.55185]
Gen: 27, Best: 0.9777777777777779
[    2.00000 10442.85244     4.86514     2.96530     2.55185]
Gen: 28, Best: 0.9777777777777779
[    2.00000 10442.85244     4.86514     2.96530     2.55185]
Gen: 29, Best: 0.9777777777777779
[    2.00000 10442.85244     4.86514     2.96530     2.55185]
Gen: 30, Best: 0.9777777777777779
[    2.00000 10442.85244     4.86514     2.96530     2.55185]
Gen: 31, Best: 0.9777777777777779
[    2.00000 10442.85244     4.86514     2.96530     2.55185]
Gen: 32, Best: 0.9777777777777779
[    2.00000 10442.85244     4.86514     2.96530     2.55185]
Gen: 33, Best: 0.9777777777777779
[    2.00000 10442.85244     4.86514     2.96530     2.55185]
Gen: 34, Best: 0.9777777777777779
[    2.00000 10442.85244     4.86514     2.96530     2.55185]
Gen: 35, Best: 0.9777777777777779
[    2.00000 10442.85244     4.86514     2.96530     2.55185]
Gen: 36, Best: 0.9777777777777779
[    2.00000 10442.85244     4.86514     2.96530     2.55185]
Gen: 37, Best: 0.9777777777777779
[    2.00000 10442.85244     4.86514     2.96530     2.55185]
Gen: 38, Best: 0.9777777777777779
[    2.00000 10442.85244     4.86514     2.96530     2.55185]
Gen: 39, Best: 0.9777777777777779
[    2.00000 10442.85244     4.86514     2.96530     2.55185]
Gen: 40, Best: 0.9777777777777779
[    2.00000 10442.85244     4.86514     2.96530     2.55185]
Gen: 41, Best: 0.9777777777777779
[    2.00000 10442.85244     4.86514     2.96530     2.55185]
Gen: 42, Best: 0.9777777777777779
[    2.00000 10442.85244     4.86514     2.96530     2.55185]
Gen: 43, Best: 0.9777777777777779
[    2.00000 10442.85244     4.86514     2.96530     2.55185]
Gen: 44, Best: 0.9777777777777779
[    2.00000 10442.85244     4.86514     2.96530     2.55185]
Gen: 45, Best: 0.9777777777777779
[    2.00000 10442.85244     4.86514     2.96530     2.55185]
Gen: 46, Best: 0.9777777777777779
[    2.00000 10442.85244     4.86514     2.96530     2.55185]
Gen: 47, Best: 0.9777777777777779
[    2.00000 10442.85244     4.86514     2.96530     2.55185]
Gen: 48, Best: 0.9777777777777779
[    2.00000 10442.85244     4.86514     2.96530     2.55185]
Gen: 49, Best: 0.9777777777777779
[    2.00000 10442.85244     4.86514     2.96530     2.55185]
Gen: 50, Best: 0.9777777777777779
[    2.00000 10442.85244     4.86514     2.96530     2.55185]
Gen: 51, Best: 0.9777777777777779
[    2.00000 10442.85244     4.86514     2.96530     2.55185]
Gen: 52, Best: 0.9777777777777779
[    2.00000 10442.85244     4.86514     2.96530     2.55185]
Gen: 53, Best: 0.9777777777777779
[    2.00000 10442.85244     4.86514     2.96530     2.55185]
Gen: 54, Best: 0.9777777777777779
[    2.00000 10442.85244     4.86514     2.96530     2.55185]
Gen: 55, Best: 0.9777777777777779
[    2.00000 10442.85244     4.86514     2.96530     2.55185]
Gen: 56, Best: 0.9777777777777779
[    2.00000 10442.85244     4.86514     2.96530     2.55185]
Gen: 57, Best: 0.9777777777777779
[    2.00000 10442.85244     4.86514     2.96530     2.55185]
Gen: 58, Best: 0.9777777777777779
[    2.00000 10442.85244     4.86514     2.96530     2.55185]
Gen: 59, Best: 0.9777777777777779
[    2.00000 10442.85244     4.86514     2.96530     2.55185]
Gen: 60, Best: 0.9777777777777779
[    2.00000 10442.85244     4.86514     2.96530     2.55185]
Gen: 61, Best: 0.9777777777777779
[    2.00000 10442.85244     4.86514     2.96530     2.55185]
Gen: 62, Best: 0.9777777777777779
[    2.00000 10442.85244     4.86514     2.96530     2.55185]
Gen: 63, Best: 0.9777777777777779
[    2.00000 10442.85244     4.86514     2.96530     2.55185]
Gen: 64, Best: 0.9777777777777779
[    2.00000 10442.85244     4.86514     2.96530     2.55185]
Gen: 65, Best: 0.9777777777777779
[    2.00000 10442.85244     4.86514     2.96530     2.55185]
Gen: 66, Best: 0.9777777777777779
[    2.00000 10442.85244     4.86514     2.96530     2.55185]
Gen: 67, Best: 0.9777777777777779
[    2.00000 10442.85244     4.86514     2.96530     2.55185]
Gen: 68, Best: 0.9777777777777779
[    2.00000 10442.85244     4.86514     2.96530     2.55185]
Gen: 69, Best: 0.9777777777777779
[    2.00000 10442.85244     4.86514     2.96530     2.55185]
Gen: 70, Best: 0.9777777777777779
[    2.00000 10442.85244     4.86514     2.96530     2.55185]
Gen: 71, Best: 0.9777777777777779
[    2.00000 10442.85244     4.86514     2.96530     2.55185]
Gen: 72, Best: 0.9777777777777779
[    2.00000 10442.85244     4.86514     2.96530     2.55185]
Gen: 73, Best: 0.9777777777777779
[    2.00000 10442.85244     4.86514     2.96530     2.55185]
Gen: 74, Best: 0.9777777777777779
[    2.00000 10442.85244     4.86514     2.96530     2.55185]
Gen: 75, Best: 0.9777777777777779
[    2.00000 10442.85244     4.86514     2.96530     2.55185]
Gen: 76, Best: 0.9777777777777779
[    2.00000 10442.85244     4.86514     2.96530     2.55185]
Gen: 77, Best: 0.9777777777777779
[    2.00000 10442.85244     4.86514     2.96530     2.55185]
Gen: 78, Best: 0.9777777777777779
[    2.00000 10442.85244     4.86514     2.96530     2.55185]
Gen: 79, Best: 0.9777777777777779
[    2.00000 10442.85244     4.86514     2.96530     2.55185]
Gen: 80, Best: 0.9777777777777779
[    2.00000 10442.85244     4.86514     2.96530     2.55185]
Gen: 81, Best: 0.9777777777777779
[    2.00000 10442.85244     4.86514     2.96530     2.55185]
Gen: 82, Best: 0.9777777777777779
[    2.00000 10442.85244     4.86514     2.96530     2.55185]
Gen: 83, Best: 0.9777777777777779
[    2.00000 10442.85244     4.86514     2.96530     2.55185]
Gen: 84, Best: 0.9777777777777779
[    2.00000 10442.85244     4.86514     2.96530     2.55185]
Gen: 85, Best: 0.9777777777777779
[    2.00000 10442.85244     4.86514     2.96530     2.55185]
Gen: 86, Best: 0.9777777777777779
[    2.00000 10442.85244     4.86514     2.96530     2.55185]
Gen: 87, Best: 0.9777777777777779
[    2.00000 10442.85244     4.86514     2.96530     2.55185]
Gen: 88, Best: 0.9777777777777779
[    2.00000 10442.85244     4.86514     2.96530     2.55185]
Gen: 89, Best: 0.9777777777777779
[    2.00000 10442.85244     4.86514     2.96530     2.55185]
Gen: 90, Best: 0.9777777777777779
[    2.00000 10442.85244     4.86514     2.96530     2.55185]
Gen: 91, Best: 0.9777777777777779
[    2.00000 10442.85244     4.86514     2.96530     2.55185]
Gen: 92, Best: 0.9777777777777779
[    2.00000 10442.85244     4.86514     2.96530     2.55185]
Gen: 93, Best: 0.9777777777777779
[    2.00000 10442.85244     4.86514     2.96530     2.55185]
Gen: 94, Best: 0.9777777777777779
[    2.00000 10442.85244     4.86514     2.96530     2.55185]
Gen: 95, Best: 0.9777777777777779
[    2.00000 10442.85244     4.86514     2.96530     2.55185]
Gen: 96, Best: 0.9777777777777779
[    2.00000 10442.85244     4.86514     2.96530     2.55185]
Gen: 97, Best: 0.9777777777777779
[    2.00000 10442.85244     4.86514     2.96530     2.55185]
Gen: 98, Best: 0.9777777777777779
[    2.00000 10442.85244     4.86514     2.96530     2.55185]
Gen: 99, Best: 0.9777777777777779
[    2.00000 10442.85244     4.86514     2.96530     2.55185]
Gen: 100, Best: 0.9777777777777779
[    2.00000 10442.85244     4.86514     2.96530     2.55185]
Gen: 101, Best: 0.9777777777777779
[    2.00000 10442.85244     4.86514     2.96530     2.55185]
Gen: 102, Best: 0.9777777777777779
[    2.00000 10442.85244     4.86514     2.96530     2.55185]
Gen: 103, Best: 0.9777777777777779
[    2.00000 10442.85244     4.86514     2.96530     2.55185]
Gen: 104, Best: 0.9777777777777779
[    2.00000 10442.85244     4.86514     2.96530     2.55185]
Gen: 105, Best: 0.9777777777777779
[    2.00000 10442.85244     4.86514     2.96530     2.55185]
Gen: 106, Best: 0.9777777777777779
[    2.00000 10442.85244     4.86514     2.96530     2.55185]
Gen: 107, Best: 0.9777777777777779
[    2.00000 10442.85244     4.86514     2.96530     2.55185]
Gen: 108, Best: 0.9777777777777779
[    2.00000 10442.85244     4.86514     2.96530     2.55185]
Gen: 109, Best: 0.9777777777777779
[    2.00000 10442.85244     4.86514     2.96530     2.55185]
Gen: 110, Best: 0.9777777777777779
[    2.00000 10442.85244     4.86514     2.96530     2.55185]
Gen: 111, Best: 0.9777777777777779
[    2.00000 10442.85244     4.86514     2.96530     2.55185]
Gen: 112, Best: 0.9777777777777779
[    2.00000 10442.85244     4.86514     2.96530     2.55185]
Gen: 113, Best: 0.9777777777777779
[    2.00000 10442.85244     4.86514     2.96530     2.55185]
Gen: 114, Best: 0.9777777777777779
[    2.00000 10442.85244     4.86514     2.96530     2.55185]
Gen: 115, Best: 0.9777777777777779
[    2.00000 10442.85244     4.86514     2.96530     2.55185]
Gen: 116, Best: 0.9777777777777779
[    2.00000 10442.85244     4.86514     2.96530     2.55185]
Gen: 117, Best: 0.9777777777777779
[    2.00000 10442.85244     4.86514     2.96530     2.55185]
Gen: 118, Best: 0.9777777777777779
[    2.00000 10442.85244     4.86514     2.96530     2.55185]
Gen: 119, Best: 0.9777777777777779
[    2.00000 10442.85244     4.86514     2.96530     2.55185]
Gen: 120, Best: 0.9777777777777779
[    2.00000 10442.85244     4.86514     2.96530     2.55185]
Gen: 121, Best: 0.9777777777777779
[    2.00000 10442.85244     4.86514     2.96530     2.55185]
Gen: 122, Best: 0.9777777777777779
[    2.00000 10442.85244     4.86514     2.96530     2.55185]
Gen: 123, Best: 0.9777777777777779
[    2.00000 10442.85244     4.86514     2.96530     2.55185]
Gen: 124, Best: 0.9777777777777779
[    2.00000 10442.85244     4.86514     2.96530     2.55185]
Gen: 125, Best: 0.9777777777777779
[    2.00000 10442.85244     4.86514     2.96530     2.55185]
Gen: 126, Best: 0.9777777777777779
[    2.00000 10442.85244     4.86514     2.96530     2.55185]
Gen: 127, Best: 0.9777777777777779
[    2.00000 10442.85244     4.86514     2.96530     2.55185]
Gen: 128, Best: 0.9777777777777779
[    2.00000 10442.85244     4.86514     2.96530     2.55185]
Gen: 129, Best: 0.9777777777777779
[    2.00000 10442.85244     4.86514     2.96530     2.55185]
Gen: 130, Best: 0.9777777777777779
[    2.00000 10442.85244     4.86514     2.96530     2.55185]
Gen: 131, Best: 0.9777777777777779
[    2.00000 10442.85244     4.86514     2.96530     2.55185]
Gen: 132, Best: 0.9777777777777779
[    2.00000 10442.85244     4.86514     2.96530     2.55185]
Gen: 133, Best: 0.9777777777777779
[    2.00000 10442.85244     4.86514     2.96530     2.55185]
Gen: 134, Best: 0.9777777777777779
[    2.00000 10442.85244     4.86514     2.96530     2.55185]
Gen: 135, Best: 0.9777777777777779
[    2.00000 10442.85244     4.86514     2.96530     2.55185]
Gen: 136, Best: 0.9777777777777779
[    2.00000 10442.85244     4.86514     2.96530     2.55185]
Gen: 137, Best: 0.9777777777777779
[    2.00000 10442.85244     4.86514     2.96530     2.55185]
Gen: 138, Best: 0.9777777777777779
[    2.00000 10442.85244     4.86514     2.96530     2.55185]
Gen: 139, Best: 0.9777777777777779
[    2.00000 10442.85244     4.86514     2.96530     2.55185]
Gen: 140, Best: 0.9777777777777779
[    2.00000 10442.85244     4.86514     2.96530     2.55185]
Gen: 141, Best: 0.9777777777777779
[    2.00000 10442.85244     4.86514     2.96530     2.55185]
Gen: 142, Best: 0.9777777777777779
[    2.00000 10442.85244     4.86514     2.96530     2.55185]
Gen: 143, Best: 0.9777777777777779
[    2.00000 10442.85244     4.86514     2.96530     2.55185]
Gen: 144, Best: 0.9777777777777779
[    2.00000 10442.85244     4.86514     2.96530     2.55185]
Gen: 145, Best: 0.9777777777777779
[    2.00000 10442.85244     4.86514     2.96530     2.55185]
Gen: 146, Best: 0.9777777777777779
[    2.00000 10442.85244     4.86514     2.96530     2.55185]
Gen: 147, Best: 0.9777777777777779
[    2.00000 10442.85244     4.86514     2.96530     2.55185]
Gen: 148, Best: 0.9777777777777779
[    2.00000 10442.85244     4.86514     2.96530     2.55185]
Gen: 149, Best: 0.9777777777777779
[    2.00000 10442.85244     4.86514     2.96530     2.55185]
Gen: 150, Best: 0.9777777777777779
[    2.00000 10442.85244     4.86514     2.96530     2.55185]
Gen: 151, Best: 0.9777777777777779
[    2.00000 10442.85244     4.86514     2.96530     2.55185]
Gen: 152, Best: 0.9777777777777779
[    2.00000 10442.85244     4.86514     2.96530     2.55185]
Gen: 153, Best: 0.9777777777777779
[    2.00000 10442.85244     4.86514     2.96530     2.55185]
Gen: 154, Best: 0.9777777777777779
[    2.00000 10442.85244     4.86514     2.96530     2.55185]
Gen: 155, Best: 0.9777777777777779
[    2.00000 10442.85244     4.86514     2.96530     2.55185]
Gen: 156, Best: 0.9777777777777779
[    2.00000 10442.85244     4.86514     2.96530     2.55185]
Gen: 157, Best: 0.9777777777777779
[    2.00000 10442.85244     4.86514     2.96530     2.55185]
Gen: 158, Best: 0.9777777777777779
[    2.00000 10442.85244     4.86514     2.96530     2.55185]
Gen: 159, Best: 0.9777777777777779
[    2.00000 10442.85244     4.86514     2.96530     2.55185]
Gen: 160, Best: 0.9777777777777779
[    2.00000 10442.85244     4.86514     2.96530     2.55185]
Gen: 161, Best: 0.9777777777777779
[    2.00000 10442.85244     4.86514     2.96530     2.55185]
Gen: 162, Best: 0.9777777777777779
[    2.00000 10442.85244     4.86514     2.96530     2.55185]
Gen: 163, Best: 0.9777777777777779
[    2.00000 10442.85244     4.86514     2.96530     2.55185]
Gen: 164, Best: 0.9777777777777779
[    2.00000 10442.85244     4.86514     2.96530     2.55185]
Gen: 165, Best: 0.9777777777777779
[    2.00000 10442.85244     4.86514     2.96530     2.55185]
Gen: 166, Best: 0.9777777777777779
[    2.00000 10442.85244     4.86514     2.96530     2.55185]
Gen: 167, Best: 0.9777777777777779
[    2.00000 10442.85244     4.86514     2.96530     2.55185]
Gen: 168, Best: 0.9777777777777779
[    2.00000 10442.85244     4.86514     2.96530     2.55185]
Gen: 169, Best: 0.9777777777777779
[    2.00000 10442.85244     4.86514     2.96530     2.55185]
Gen: 170, Best: 0.9777777777777779
[    2.00000 10442.85244     4.86514     2.96530     2.55185]
Gen: 171, Best: 0.9777777777777779
[    2.00000 10442.85244     4.86514     2.96530     2.55185]
Gen: 172, Best: 0.9777777777777779
[    2.00000 10442.85244     4.86514     2.96530     2.55185]
Gen: 173, Best: 0.9777777777777779
[    2.00000 10442.85244     4.86514     2.96530     2.55185]
Gen: 174, Best: 0.9777777777777779
[    2.00000 10442.85244     4.86514     2.96530     2.55185]
Gen: 175, Best: 0.9777777777777779
[    2.00000 10442.85244     4.86514     2.96530     2.55185]
Gen: 176, Best: 0.9777777777777779
[    2.00000 10442.85244     4.86514     2.96530     2.55185]
Gen: 177, Best: 0.9777777777777779
[    2.00000 10442.85244     4.86514     2.96530     2.55185]
Gen: 178, Best: 0.9777777777777779
[    2.00000 10442.85244     4.86514     2.96530     2.55185]
Gen: 179, Best: 0.9777777777777779
[    2.00000 10442.85244     4.86514     2.96530     2.55185]
Gen: 180, Best: 0.9777777777777779
[    2.00000 10442.85244     4.86514     2.96530     2.55185]
Gen: 181, Best: 0.9777777777777779
[    2.00000 10442.85244     4.86514     2.96530     2.55185]
Gen: 182, Best: 0.9777777777777779
[    2.00000 10442.85244     4.86514     2.96530     2.55185]
Gen: 183, Best: 0.9777777777777779
[    2.00000 10442.85244     4.86514     2.96530     2.55185]
Gen: 184, Best: 0.9777777777777779
[    2.00000 10442.85244     4.86514     2.96530     2.55185]
Gen: 185, Best: 0.9777777777777779
[    2.00000 10442.85244     4.86514     2.96530     2.55185]
Gen: 186, Best: 0.9777777777777779
[    2.00000 10442.85244     4.86514     2.96530     2.55185]
Gen: 187, Best: 0.9777777777777779
[    2.00000 10442.85244     4.86514     2.96530     2.55185]
Gen: 188, Best: 0.9777777777777779
[    2.00000 10442.85244     4.86514     2.96530     2.55185]
Gen: 189, Best: 0.9777777777777779
[    2.00000 10442.85244     4.86514     2.96530     2.55185]
Gen: 190, Best: 0.9777777777777779
[    2.00000 10442.85244     4.86514     2.96530     2.55185]
Gen: 191, Best: 0.9777777777777779
[    2.00000 10442.85244     4.86514     2.96530     2.55185]
Gen: 192, Best: 0.9777777777777779
[    2.00000 10442.85244     4.86514     2.96530     2.55185]
Gen: 193, Best: 0.9777777777777779
[    2.00000 10442.85244     4.86514     2.96530     2.55185]
Gen: 194, Best: 0.9777777777777779
[    2.00000 10442.85244     4.86514     2.96530     2.55185]
Gen: 195, Best: 0.9777777777777779
[    2.00000 10442.85244     4.86514     2.96530     2.55185]
Gen: 196, Best: 0.9777777777777779
[    2.00000 10442.85244     4.86514     2.96530     2.55185]
Gen: 197, Best: 0.9777777777777779
[    2.00000 10442.85244     4.86514     2.96530     2.55185]
Gen: 198, Best: 0.9777777777777779
[    2.00000 10442.85244     4.86514     2.96530     2.55185]
Gen: 199, Best: 0.9777777777777779
[    2.00000 10442.85244     4.86514     2.96530     2.55185]
Gen: 200, Best: 0.9777777777777779
[    2.00000 10442.85244     4.86514     2.96530     2.55185]
Gen: 201, Best: 0.9777777777777779
[    2.00000 10442.85244     4.86514     2.96530     2.55185]
Gen: 202, Best: 0.9777777777777779
[    2.00000 10442.85244     4.86514     2.96530     2.55185]
Gen: 203, Best: 0.9777777777777779
[    2.00000 10442.85244     4.86514     2.96530     2.55185]
Gen: 204, Best: 0.9777777777777779
[    2.00000 10442.85244     4.86514     2.96530     2.55185]
Gen: 205, Best: 0.9777777777777779
[    2.00000 10442.85244     4.86514     2.96530     2.55185]
Gen: 206, Best: 0.9777777777777779
[    2.00000 10442.85244     4.86514     2.96530     2.55185]
Gen: 207, Best: 0.9777777777777779
[    2.00000 10442.85244     4.86514     2.96530     2.55185]
Gen: 208, Best: 0.9777777777777779
[    2.00000 10442.85244     4.86514     2.96530     2.55185]
Gen: 209, Best: 0.9777777777777779
[    2.00000 10442.85244     4.86514     2.96530     2.55185]
Gen: 210, Best: 0.9777777777777779
[    2.00000 10442.85244     4.86514     2.96530     2.55185]
Gen: 211, Best: 0.9777777777777779
[    2.00000 10442.85244     4.86514     2.96530     2.55185]
Gen: 212, Best: 0.9777777777777779
[    2.00000 10442.85244     4.86514     2.96530     2.55185]
Gen: 213, Best: 0.9777777777777779
[    2.00000 10442.85244     4.86514     2.96530     2.55185]
Gen: 214, Best: 0.9777777777777779
[    2.00000 10442.85244     4.86514     2.96530     2.55185]
Gen: 215, Best: 0.9777777777777779
[    2.00000 10442.85244     4.86514     2.96530     2.55185]
Gen: 216, Best: 0.9777777777777779
[    2.00000 10442.85244     4.86514     2.96530     2.55185]
Gen: 217, Best: 0.9777777777777779
[    2.00000 10442.85244     4.86514     2.96530     2.55185]
Gen: 218, Best: 0.9777777777777779
[    2.00000 10442.85244     4.86514     2.96530     2.55185]
Gen: 219, Best: 0.9777777777777779
[    2.00000 10442.85244     4.86514     2.96530     2.55185]
Gen: 220, Best: 0.9777777777777779
[    2.00000 10442.85244     4.86514     2.96530     2.55185]
Gen: 221, Best: 0.9777777777777779
[    2.00000 10442.85244     4.86514     2.96530     2.55185]
Gen: 222, Best: 0.9777777777777779
[    2.00000 10442.85244     4.86514     2.96530     2.55185]
Gen: 223, Best: 0.9777777777777779
[    2.00000 10442.85244     4.86514     2.96530     2.55185]
Gen: 224, Best: 0.9777777777777779
[    2.00000 10442.85244     4.86514     2.96530     2.55185]
Gen: 225, Best: 0.9777777777777779
[    2.00000 10442.85244     4.86514     2.96530     2.55185]
Gen: 226, Best: 0.9777777777777779
[    2.00000 10442.85244     4.86514     2.96530     2.55185]
Gen: 227, Best: 0.9777777777777779
[    2.00000 10442.85244     4.86514     2.96530     2.55185]
Gen: 228, Best: 0.9777777777777779
[    2.00000 10442.85244     4.86514     2.96530     2.55185]
Gen: 229, Best: 0.9777777777777779
[    2.00000 10442.85244     4.86514     2.96530     2.55185]
Gen: 230, Best: 0.9777777777777779
[    2.00000 10442.85244     4.86514     2.96530     2.55185]
Gen: 231, Best: 0.9777777777777779
[    2.00000 10442.85244     4.86514     2.96530     2.55185]
Gen: 232, Best: 0.9777777777777779
[    2.00000 10442.85244     4.86514     2.96530     2.55185]
Gen: 233, Best: 0.9777777777777779
[    2.00000 10442.85244     4.86514     2.96530     2.55185]
Gen: 234, Best: 0.9777777777777779
[    2.00000 10442.85244     4.86514     2.96530     2.55185]
Gen: 235, Best: 0.9777777777777779
[    2.00000 10442.85244     4.86514     2.96530     2.55185]
Gen: 236, Best: 0.9777777777777779
[    2.00000 10442.85244     4.86514     2.96530     2.55185]
Gen: 237, Best: 0.9777777777777779
[    2.00000 10442.85244     4.86514     2.96530     2.55185]
Gen: 238, Best: 0.9777777777777779
[    2.00000 10442.85244     4.86514     2.96530     2.55185]
Gen: 239, Best: 0.9777777777777779
[    2.00000 10442.85244     4.86514     2.96530     2.55185]
Gen: 240, Best: 0.9777777777777779
[    2.00000 10442.85244     4.86514     2.96530     2.55185]
Gen: 241, Best: 0.9777777777777779
[    2.00000 10442.85244     4.86514     2.96530     2.55185]
Gen: 242, Best: 0.9777777777777779
[    2.00000 10442.85244     4.86514     2.96530     2.55185]
Gen: 243, Best: 0.9777777777777779
[    2.00000 10442.85244     4.86514     2.96530     2.55185]
Gen: 244, Best: 0.9777777777777779
[    2.00000 10442.85244     4.86514     2.96530     2.55185]
Gen: 245, Best: 0.9777777777777779
[    2.00000 10442.85244     4.86514     2.96530     2.55185]
Gen: 246, Best: 0.9777777777777779
[    2.00000 10442.85244     4.86514     2.96530     2.55185]
Gen: 247, Best: 0.9777777777777779
[    2.00000 10442.85244     4.86514     2.96530     2.55185]
Gen: 248, Best: 0.9777777777777779
[    2.00000 10442.85244     4.86514     2.96530     2.55185]
Gen: 249, Best: 0.9777777777777779
[    2.00000 10442.85244     4.86514     2.96530     2.55185]
Gen: 250, Best: 0.9777777777777779
[    2.00000 10442.85244     4.86514     2.96530     2.55185]
Gen: 251, Best: 0.9777777777777779
[    2.00000 10442.85244     4.86514     2.96530     2.55185]
Gen: 252, Best: 0.9777777777777779
[    2.00000 10442.85244     4.86514     2.96530     2.55185]
Gen: 253, Best: 0.9777777777777779
[    2.00000 10442.85244     4.86514     2.96530     2.55185]
Gen: 254, Best: 0.9777777777777779
[    2.00000 10442.85244     4.86514     2.96530     2.55185]
Gen: 255, Best: 0.9777777777777779
[    2.00000 10442.85244     4.86514     2.96530     2.55185]
Gen: 256, Best: 0.9777777777777779
[    2.00000 10442.85244     4.86514     2.96530     2.55185]
Gen: 257, Best: 0.9777777777777779
[    2.00000 10442.85244     4.86514     2.96530     2.55185]
Gen: 258, Best: 0.9777777777777779
[    2.00000 10442.85244     4.86514     2.96530     2.55185]
Gen: 259, Best: 0.9777777777777779
[    2.00000 10442.85244     4.86514     2.96530     2.55185]
Gen: 260, Best: 0.9777777777777779
[    2.00000 10442.85244     4.86514     2.96530     2.55185]
Gen: 261, Best: 0.9777777777777779
[    2.00000 10442.85244     4.86514     2.96530     2.55185]
Gen: 262, Best: 0.9777777777777779
[    2.00000 10442.85244     4.86514     2.96530     2.55185]
Gen: 263, Best: 0.9777777777777779
[    2.00000 10442.85244     4.86514     2.96530     2.55185]
Gen: 264, Best: 0.9777777777777779
[    2.00000 10442.85244     4.86514     2.96530     2.55185]
Gen: 265, Best: 0.9777777777777779
[    2.00000 10442.85244     4.86514     2.96530     2.55185]
Gen: 266, Best: 0.9777777777777779
[    2.00000 10442.85244     4.86514     2.96530     2.55185]
Gen: 267, Best: 0.9777777777777779
[    2.00000 10442.85244     4.86514     2.96530     2.55185]
Gen: 268, Best: 0.9777777777777779
[    2.00000 10442.85244     4.86514     2.96530     2.55185]
Gen: 269, Best: 0.9777777777777779
[    2.00000 10442.85244     4.86514     2.96530     2.55185]
Gen: 270, Best: 0.9777777777777779
[    2.00000 10442.85244     4.86514     2.96530     2.55185]
Gen: 271, Best: 0.9777777777777779
[    2.00000 10442.85244     4.86514     2.96530     2.55185]
Gen: 272, Best: 0.9777777777777779
[    2.00000 10442.85244     4.86514     2.96530     2.55185]
Gen: 273, Best: 0.9777777777777779
[    2.00000 10442.85244     4.86514     2.96530     2.55185]
Gen: 274, Best: 0.9777777777777779
[    2.00000 10442.85244     4.86514     2.96530     2.55185]
Gen: 275, Best: 0.9777777777777779
[    2.00000 10442.85244     4.86514     2.96530     2.55185]
Gen: 276, Best: 0.9777777777777779
[    2.00000 10442.85244     4.86514     2.96530     2.55185]
Gen: 277, Best: 0.9777777777777779
[    2.00000 10442.85244     4.86514     2.96530     2.55185]
Gen: 278, Best: 0.9777777777777779
[    2.00000 10442.85244     4.86514     2.96530     2.55185]
Gen: 279, Best: 0.9777777777777779
[    2.00000 10442.85244     4.86514     2.96530     2.55185]
Gen: 280, Best: 0.9777777777777779
[    2.00000 10442.85244     4.86514     2.96530     2.55185]
Gen: 281, Best: 0.9777777777777779
[    2.00000 10442.85244     4.86514     2.96530     2.55185]
Gen: 282, Best: 0.9777777777777779
[    2.00000 10442.85244     4.86514     2.96530     2.55185]
Gen: 283, Best: 0.9777777777777779
[    2.00000 10442.85244     4.86514     2.96530     2.55185]
Gen: 284, Best: 0.9777777777777779
[    2.00000 10442.85244     4.86514     2.96530     2.55185]
Gen: 285, Best: 0.9777777777777779
[    2.00000 10442.85244     4.86514     2.96530     2.55185]
Gen: 286, Best: 0.9777777777777779
[    2.00000 10442.85244     4.86514     2.96530     2.55185]
Gen: 287, Best: 0.9777777777777779
[    2.00000 10442.85244     4.86514     2.96530     2.55185]
Gen: 288, Best: 0.9777777777777779
[    2.00000 10442.85244     4.86514     2.96530     2.55185]
Gen: 289, Best: 0.9777777777777779
[    2.00000 10442.85244     4.86514     2.96530     2.55185]
Gen: 290, Best: 0.9777777777777779
[    2.00000 10442.85244     4.86514     2.96530     2.55185]
Gen: 291, Best: 0.9777777777777779
[    2.00000 10442.85244     4.86514     2.96530     2.55185]
Gen: 292, Best: 0.9777777777777779
[    2.00000 10442.85244     4.86514     2.96530     2.55185]
Gen: 293, Best: 0.9777777777777779
[    2.00000 10442.85244     4.86514     2.96530     2.55185]
Gen: 294, Best: 0.9777777777777779
[    2.00000 10442.85244     4.86514     2.96530     2.55185]
Gen: 295, Best: 0.9777777777777779
[    2.00000 10442.85244     4.86514     2.96530     2.55185]
Gen: 296, Best: 0.9777777777777779
[    2.00000 10442.85244     4.86514     2.96530     2.55185]
Gen: 297, Best: 0.9777777777777779
[    2.00000 10442.85244     4.86514     2.96530     2.55185]
Gen: 298, Best: 0.9777777777777779
[    2.00000 10442.85244     4.86514     2.96530     2.55185]
Gen: 299, Best: 0.9777777777777779
[    2.00000 10442.85244     4.86514     2.96530     2.55185]
Gen: 300, Best: 0.9777777777777779
[    2.00000 10442.85244     4.86514     2.96530     2.55185]
Gen: 301, Best: 0.9777777777777779
[    2.00000 10442.85244     4.86514     2.96530     2.55185]
Gen: 302, Best: 0.9777777777777779
[    2.00000 10442.85244     4.86514     2.96530     2.55185]
Gen: 303, Best: 0.9777777777777779
[    2.00000 10442.85244     4.86514     2.96530     2.55185]
Gen: 304, Best: 0.9777777777777779
[    2.00000 10442.85244     4.86514     2.96530     2.55185]
Gen: 305, Best: 0.9777777777777779
[    2.00000 10442.85244     4.86514     2.96530     2.55185]
Gen: 306, Best: 0.9777777777777779
[    2.00000 10442.85244     4.86514     2.96530     2.55185]
Gen: 307, Best: 0.9777777777777779
[    2.00000 10442.85244     4.86514     2.96530     2.55185]
Gen: 308, Best: 0.9777777777777779
[    2.00000 10442.85244     4.86514     2.96530     2.55185]
Gen: 309, Best: 0.9777777777777779
[    2.00000 10442.85244     4.86514     2.96530     2.55185]
Gen: 310, Best: 0.9777777777777779
[    2.00000 10442.85244     4.86514     2.96530     2.55185]
Gen: 311, Best: 0.9777777777777779
[    2.00000 10442.85244     4.86514     2.96530     2.55185]
Gen: 312, Best: 0.9777777777777779
[    2.00000 10442.85244     4.86514     2.96530     2.55185]
Gen: 313, Best: 0.9777777777777779
[    2.00000 10442.85244     4.86514     2.96530     2.55185]
Gen: 314, Best: 0.9777777777777779
[    2.00000 10442.85244     4.86514     2.96530     2.55185]
Gen: 315, Best: 0.9777777777777779
[    2.00000 10442.85244     4.86514     2.96530     2.55185]
Gen: 316, Best: 0.9777777777777779
[    2.00000 10442.85244     4.86514     2.96530     2.55185]
Gen: 317, Best: 0.9777777777777779
[    2.00000 10442.85244     4.86514     2.96530     2.55185]
Gen: 318, Best: 0.9777777777777779
[    2.00000 10442.85244     4.86514     2.96530     2.55185]
Gen: 319, Best: 0.9777777777777779
[    2.00000 10442.85244     4.86514     2.96530     2.55185]
Gen: 320, Best: 0.9777777777777779
[    2.00000 10442.85244     4.86514     2.96530     2.55185]
Gen: 321, Best: 0.9777777777777779
[    2.00000 10442.85244     4.86514     2.96530     2.55185]
Gen: 322, Best: 0.9777777777777779
[    2.00000 10442.85244     4.86514     2.96530     2.55185]
Gen: 323, Best: 0.9777777777777779
[    2.00000 10442.85244     4.86514     2.96530     2.55185]
Gen: 324, Best: 0.9777777777777779
[    2.00000 10442.85244     4.86514     2.96530     2.55185]
Gen: 325, Best: 0.9777777777777779
[    2.00000 10442.85244     4.86514     2.96530     2.55185]
Gen: 326, Best: 0.9777777777777779
[    2.00000 10442.85244     4.86514     2.96530     2.55185]
Gen: 327, Best: 0.9777777777777779
[    2.00000 10442.85244     4.86514     2.96530     2.55185]
Gen: 328, Best: 0.9777777777777779
[    2.00000 10442.85244     4.86514     2.96530     2.55185]
Gen: 329, Best: 0.9777777777777779
[    2.00000 10442.85244     4.86514     2.96530     2.55185]
Gen: 330, Best: 0.9777777777777779
[    2.00000 10442.85244     4.86514     2.96530     2.55185]
Gen: 331, Best: 0.9777777777777779
[    2.00000 10442.85244     4.86514     2.96530     2.55185]
Gen: 332, Best: 0.9777777777777779
[    2.00000 10442.85244     4.86514     2.96530     2.55185]
Gen: 333, Best: 0.9777777777777779
[    2.00000 10442.85244     4.86514     2.96530     2.55185]
Gen: 334, Best: 0.9777777777777779
[    2.00000 10442.85244     4.86514     2.96530     2.55185]
Gen: 335, Best: 0.9777777777777779
[    2.00000 10442.85244     4.86514     2.96530     2.55185]
Gen: 336, Best: 0.9777777777777779
[    2.00000 10442.85244     4.86514     2.96530     2.55185]
Gen: 337, Best: 0.9777777777777779
[    2.00000 10442.85244     4.86514     2.96530     2.55185]
Gen: 338, Best: 0.9777777777777779
[    2.00000 10442.85244     4.86514     2.96530     2.55185]
Gen: 339, Best: 0.9777777777777779
[    2.00000 10442.85244     4.86514     2.96530     2.55185]
Gen: 340, Best: 0.9777777777777779
[    2.00000 10442.85244     4.86514     2.96530     2.55185]
Gen: 341, Best: 0.9777777777777779
[    2.00000 10442.85244     4.86514     2.96530     2.55185]
Gen: 342, Best: 0.9777777777777779
[    2.00000 10442.85244     4.86514     2.96530     2.55185]
Gen: 343, Best: 0.9777777777777779
[    2.00000 10442.85244     4.86514     2.96530     2.55185]
Gen: 344, Best: 0.9777777777777779
[    2.00000 10442.85244     4.86514     2.96530     2.55185]
Gen: 345, Best: 0.9777777777777779
[    2.00000 10442.85244     4.86514     2.96530     2.55185]
Gen: 346, Best: 0.9777777777777779
[    2.00000 10442.85244     4.86514     2.96530     2.55185]
Gen: 347, Best: 0.9777777777777779
[    2.00000 10442.85244     4.86514     2.96530     2.55185]
Gen: 348, Best: 0.9777777777777779
[    2.00000 10442.85244     4.86514     2.96530     2.55185]
Gen: 349, Best: 0.9777777777777779
[    2.00000 10442.85244     4.86514     2.96530     2.55185]
Gen: 350, Best: 0.9777777777777779
[    2.00000 10442.85244     4.86514     2.96530     2.55185]
Gen: 351, Best: 0.9777777777777779
[    2.00000 10442.85244     4.86514     2.96530     2.55185]
Gen: 352, Best: 0.9777777777777779
[    2.00000 10442.85244     4.86514     2.96530     2.55185]
Gen: 353, Best: 0.9777777777777779
[    2.00000 10442.85244     4.86514     2.96530     2.55185]
Gen: 354, Best: 0.9777777777777779
[    2.00000 10442.85244     4.86514     2.96530     2.55185]
Gen: 355, Best: 0.9777777777777779
[    2.00000 10442.85244     4.86514     2.96530     2.55185]
Gen: 356, Best: 0.9777777777777779
[    2.00000 10442.85244     4.86514     2.96530     2.55185]
Gen: 357, Best: 0.9777777777777779
[    2.00000 10442.85244     4.86514     2.96530     2.55185]
Gen: 358, Best: 0.9777777777777779
[    2.00000 10442.85244     4.86514     2.96530     2.55185]
Gen: 359, Best: 0.9777777777777779
[    2.00000 10442.85244     4.86514     2.96530     2.55185]
Gen: 360, Best: 0.9777777777777779
[    2.00000 10442.85244     4.86514     2.96530     2.55185]
Gen: 361, Best: 0.9777777777777779
[    2.00000 10442.85244     4.86514     2.96530     2.55185]
Gen: 362, Best: 0.9777777777777779
[    2.00000 10442.85244     4.86514     2.96530     2.55185]
Gen: 363, Best: 0.9777777777777779
[    2.00000 10442.85244     4.86514     2.96530     2.55185]
Gen: 364, Best: 0.9777777777777779
[    2.00000 10442.85244     4.86514     2.96530     2.55185]
Gen: 365, Best: 0.9777777777777779
[    2.00000 10442.85244     4.86514     2.96530     2.55185]
Gen: 366, Best: 0.9777777777777779
[    2.00000 10442.85244     4.86514     2.96530     2.55185]
Gen: 367, Best: 0.9777777777777779
[    2.00000 10442.85244     4.86514     2.96530     2.55185]
Gen: 368, Best: 0.9777777777777779
[    2.00000 10442.85244     4.86514     2.96530     2.55185]
Gen: 369, Best: 0.9777777777777779
[    2.00000 10442.85244     4.86514     2.96530     2.55185]
Gen: 370, Best: 0.9777777777777779
[    2.00000 10442.85244     4.86514     2.96530     2.55185]
Gen: 371, Best: 0.9777777777777779
[    2.00000 10442.85244     4.86514     2.96530     2.55185]
Gen: 372, Best: 0.9777777777777779
[    2.00000 10442.85244     4.86514     2.96530     2.55185]
Gen: 373, Best: 0.9777777777777779
[    2.00000 10442.85244     4.86514     2.96530     2.55185]
Gen: 374, Best: 0.9777777777777779
[    2.00000 10442.85244     4.86514     2.96530     2.55185]
Gen: 375, Best: 0.9777777777777779
[    2.00000 10442.85244     4.86514     2.96530     2.55185]
Gen: 376, Best: 0.9777777777777779
[    2.00000 10442.85244     4.86514     2.96530     2.55185]
Gen: 377, Best: 0.9777777777777779
[    2.00000 10442.85244     4.86514     2.96530     2.55185]
Gen: 378, Best: 0.9777777777777779
[    2.00000 10442.85244     4.86514     2.96530     2.55185]
Gen: 379, Best: 0.9777777777777779
[    2.00000 10442.85244     4.86514     2.96530     2.55185]
Gen: 380, Best: 0.9777777777777779
[    2.00000 10442.85244     4.86514     2.96530     2.55185]
Gen: 381, Best: 0.9777777777777779
[    2.00000 10442.85244     4.86514     2.96530     2.55185]
Gen: 382, Best: 0.9777777777777779
[    2.00000 10442.85244     4.86514     2.96530     2.55185]
Gen: 383, Best: 0.9777777777777779
[    2.00000 10442.85244     4.86514     2.96530     2.55185]
Gen: 384, Best: 0.9777777777777779
[    2.00000 10442.85244     4.86514     2.96530     2.55185]
Gen: 385, Best: 0.9777777777777779
[    2.00000 10442.85244     4.86514     2.96530     2.55185]
Gen: 386, Best: 0.9777777777777779
[    2.00000 10442.85244     4.86514     2.96530     2.55185]
Gen: 387, Best: 0.9777777777777779
[    2.00000 10442.85244     4.86514     2.96530     2.55185]
Gen: 388, Best: 0.9777777777777779
[    2.00000 10442.85244     4.86514     2.96530     2.55185]
Gen: 389, Best: 0.9777777777777779
[    2.00000 10442.85244     4.86514     2.96530     2.55185]
Gen: 390, Best: 0.9777777777777779
[    2.00000 10442.85244     4.86514     2.96530     2.55185]
Gen: 391, Best: 0.9777777777777779
[    2.00000 10442.85244     4.86514     2.96530     2.55185]
Gen: 392, Best: 0.9777777777777779
[    2.00000 10442.85244     4.86514     2.96530     2.55185]
Gen: 393, Best: 0.9777777777777779
[    2.00000 10442.85244     4.86514     2.96530     2.55185]
Gen: 394, Best: 0.9777777777777779
[    2.00000 10442.85244     4.86514     2.96530     2.55185]
Gen: 395, Best: 0.9777777777777779
[    2.00000 10442.85244     4.86514     2.96530     2.55185]
Gen: 396, Best: 0.9777777777777779
[    2.00000 10442.85244     4.86514     2.96530     2.55185]
Gen: 397, Best: 0.9777777777777779
[    2.00000 10442.85244     4.86514     2.96530     2.55185]
Gen: 398, Best: 0.9777777777777779
[    2.00000 10442.85244     4.86514     2.96530     2.55185]
Gen: 399, Best: 0.9777777777777779
[    2.00000 10442.85244     4.86514     2.96530     2.55185]
Gen: 400, Best: 0.9777777777777779
[    2.00000 10442.85244     4.86514     2.96530     2.55185]
Gen: 401, Best: 0.9777777777777779
[    2.00000 10442.85244     4.86514     2.96530     2.55185]
Gen: 402, Best: 0.9777777777777779
[    2.00000 10442.85244     4.86514     2.96530     2.55185]
Gen: 403, Best: 0.9777777777777779
[    2.00000 10442.85244     4.86514     2.96530     2.55185]
Gen: 404, Best: 0.9777777777777779
[    2.00000 10442.85244     4.86514     2.96530     2.55185]
Gen: 405, Best: 0.9777777777777779
[    2.00000 10442.85244     4.86514     2.96530     2.55185]
Gen: 406, Best: 0.9777777777777779
[    2.00000 10442.85244     4.86514     2.96530     2.55185]
Gen: 407, Best: 0.9777777777777779
[    2.00000 10442.85244     4.86514     2.96530     2.55185]
Gen: 408, Best: 0.9777777777777779
[    2.00000 10442.85244     4.86514     2.96530     2.55185]
Gen: 409, Best: 0.9777777777777779
[    2.00000 10442.85244     4.86514     2.96530     2.55185]
Gen: 410, Best: 0.9777777777777779
[    2.00000 10442.85244     4.86514     2.96530     2.55185]
Gen: 411, Best: 0.9777777777777779
[    2.00000 10442.85244     4.86514     2.96530     2.55185]
Gen: 412, Best: 0.9777777777777779
[    2.00000 10442.85244     4.86514     2.96530     2.55185]
Gen: 413, Best: 0.9777777777777779
[    2.00000 10442.85244     4.86514     2.96530     2.55185]
Gen: 414, Best: 0.9777777777777779
[    2.00000 10442.85244     4.86514     2.96530     2.55185]
Gen: 415, Best: 0.9777777777777779
[    2.00000 10442.85244     4.86514     2.96530     2.55185]
Gen: 416, Best: 0.9777777777777779
[    2.00000 10442.85244     4.86514     2.96530     2.55185]
Gen: 417, Best: 0.9777777777777779
[    2.00000 10442.85244     4.86514     2.96530     2.55185]
Gen: 418, Best: 0.9777777777777779
[    2.00000 10442.85244     4.86514     2.96530     2.55185]
Gen: 419, Best: 0.9777777777777779
[    2.00000 10442.85244     4.86514     2.96530     2.55185]
Gen: 420, Best: 0.9777777777777779
[    2.00000 10442.85244     4.86514     2.96530     2.55185]
Gen: 421, Best: 0.9777777777777779
[    2.00000 10442.85244     4.86514     2.96530     2.55185]
Gen: 422, Best: 0.9777777777777779
[    2.00000 10442.85244     4.86514     2.96530     2.55185]
Gen: 423, Best: 0.9777777777777779
[    2.00000 10442.85244     4.86514     2.96530     2.55185]
Gen: 424, Best: 0.9777777777777779
[    2.00000 10442.85244     4.86514     2.96530     2.55185]
Gen: 425, Best: 0.9777777777777779
[    2.00000 10442.85244     4.86514     2.96530     2.55185]
Gen: 426, Best: 0.9777777777777779
[    2.00000 10442.85244     4.86514     2.96530     2.55185]
