標準化: 0
データセット: kdd99
打ち切り学習回数: 1.0e+08
コロニーサイズ: 20
偵察バチのLIMIT: 100
サイクル数: 500
Gen: 1, Best: 0.9986235375086028
[  1.00000 378.57657  28.51577  -4.57983   2.00695]
Gen: 2, Best: 0.9986235375086028
[  1.00000 378.57657  28.51577  -4.57983   2.00695]
Gen: 3, Best: 0.9986235375086028
[  1.00000 378.57657  28.51577  -4.57983   2.00695]
Gen: 4, Best: 0.9986235375086028
[  1.00000 378.57657  28.51577  -4.57983   2.00695]
Gen: 5, Best: 0.9986235375086028
[  1.00000 378.57657  28.51577  -4.57983   2.00695]
Gen: 6, Best: 0.9986235375086028
[  1.00000 378.57657  28.51577  -4.57983   2.00695]
Gen: 7, Best: 0.9986235375086028
[  1.00000 378.57657  28.51577  -4.57983   2.00695]
Gen: 8, Best: 0.9986235375086028
[  1.00000 378.57657  28.51577  -4.57983   2.00695]
Gen: 9, Best: 0.9986235375086028
[  1.00000 378.57657  28.51577  -4.57983   2.00695]
Gen: 10, Best: 0.9986235375086028
[  1.00000 378.57657  28.51577  -4.57983   2.00695]
Gen: 11, Best: 0.9986235375086028
[  1.00000 378.57657  28.51577  -4.57983   2.00695]
Gen: 12, Best: 0.9986235375086028
[  1.00000 378.57657  28.51577  -4.57983   2.00695]
Gen: 13, Best: 0.9986235375086028
[  1.00000 378.57657  28.51577  -4.57983   2.00695]
Gen: 14, Best: 0.9986235375086028
[  1.00000 378.57657  28.51577  -4.57983   2.00695]
Gen: 15, Best: 0.9986235375086028
[  1.00000 378.57657  28.51577  -4.57983   2.00695]
Gen: 16, Best: 0.9986235375086028
[  1.00000 378.57657  28.51577  -4.57983   2.00695]
Gen: 17, Best: 0.9986235375086028
[  1.00000 378.57657  28.51577  -4.57983   2.00695]
Gen: 18, Best: 0.9986235375086028
[  1.00000 378.57657  28.51577  -4.57983   2.00695]
Gen: 19, Best: 0.9986235375086028
[  1.00000 378.57657  28.51577  -4.57983   2.00695]
Gen: 20, Best: 0.9986235375086028
[  1.00000 378.57657  28.51577  -4.57983   2.00695]
Gen: 21, Best: 0.9986235375086028
[  1.00000 378.57657  28.51577  -4.57983   2.00695]
Gen: 22, Best: 0.9986235375086028
[  1.00000 378.57657  28.51577  -4.57983   2.00695]
Gen: 23, Best: 0.9986235375086028
[  1.00000 378.57657  28.51577  -4.57983   2.00695]
Gen: 24, Best: 0.9986235375086028
[  1.00000 378.57657  28.51577  -4.57983   2.00695]
Gen: 25, Best: 0.9986235375086028
[  1.00000 378.57657  28.51577  -4.57983   2.00695]
Gen: 26, Best: 0.9986235375086028
[  1.00000 378.57657  28.51577  -4.57983   2.00695]
Gen: 27, Best: 0.9986235375086028
[  1.00000 378.57657  28.51577  -4.57983   2.00695]
Gen: 28, Best: 0.9986235375086028
[  1.00000 378.57657  28.51577  -4.57983   2.00695]
Gen: 29, Best: 0.9987045058904498
[  1.00000 267.62945  28.51577  -4.57983   2.00695]
Gen: 30, Best: 0.9987045058904498
[  1.00000 267.62945  28.51577  -4.57983   2.00695]
Gen: 31, Best: 0.9987045058904498
[  1.00000 267.62945  28.51577  -4.57983   2.00695]
Gen: 32, Best: 0.9987045058904498
[  1.00000 267.62945  28.51577  -4.57983   2.00695]
Gen: 33, Best: 0.9987045058904498
[  1.00000 267.62945  28.51577  -4.57983   2.00695]
Gen: 34, Best: 0.9987045058904498
[  1.00000 267.62945  28.51577  -4.57983   2.00695]
Gen: 35, Best: 0.9987045058904498
[  1.00000 267.62945  28.51577  -4.57983   2.00695]
Gen: 36, Best: 0.9987045058904498
[  1.00000 267.62945  28.51577  -4.57983   2.00695]
Gen: 37, Best: 0.9987045058904498
[  1.00000 267.62945  28.51577  -4.57983   2.00695]
Gen: 38, Best: 0.9987045058904498
[  1.00000 267.62945  28.51577  -4.57983   2.00695]
Gen: 39, Best: 0.9987045058904498
[  1.00000 267.62945  28.51577  -4.57983   2.00695]
Gen: 40, Best: 0.9987045058904498
[  1.00000 267.62945  28.51577  -4.57983   2.00695]
Gen: 41, Best: 0.9987045058904498
[  1.00000 267.62945  28.51577  -4.57983   2.00695]
Gen: 42, Best: 0.9987045058904498
[  1.00000 267.62945  28.51577  -4.57983   2.00695]
Gen: 43, Best: 0.9987045058904498
[  1.00000 267.62945  28.51577  -4.57983   2.00695]
Gen: 44, Best: 0.9987045058904498
[  1.00000 267.62945  28.51577  -4.57983   2.00695]
Gen: 45, Best: 0.9987045058904498
[  1.00000 267.62945  28.51577  -4.57983   2.00695]
Gen: 46, Best: 0.9987045058904498
[  1.00000 267.62945  28.51577  -4.57983   2.00695]
Gen: 47, Best: 0.9987045058904498
[  1.00000 267.62945  28.51577  -4.57983   2.00695]
Gen: 48, Best: 0.9987045058904498
[  1.00000 267.62945  28.51577  -4.57983   2.00695]
Gen: 49, Best: 0.9987045058904498
[  1.00000 267.62945  28.51577  -4.57983   2.00695]
Gen: 50, Best: 0.9987045058904498
[  1.00000 267.62945  28.51577  -4.57983   2.00695]
Gen: 51, Best: 0.9987045058904498
[  1.00000 267.62945  28.51577  -4.57983   2.00695]
Gen: 52, Best: 0.9987045058904498
[  1.00000 267.62945  28.51577  -4.57983   2.00695]
Gen: 53, Best: 0.9987045058904498
[  1.00000 267.62945  28.51577  -4.57983   2.00695]
Gen: 54, Best: 0.9987045058904498
[  1.00000 267.62945  28.51577  -4.57983   2.00695]
Gen: 55, Best: 0.9987045058904498
[  1.00000 267.62945  28.51577  -4.57983   2.00695]
Gen: 56, Best: 0.9987045058904498
[  1.00000 267.62945  28.51577  -4.57983   2.00695]
Gen: 57, Best: 0.9987045058904498
[  1.00000 267.62945  28.51577  -4.57983   2.00695]
Gen: 58, Best: 0.9987045058904498
[  1.00000 267.62945  28.51577  -4.57983   2.00695]
Gen: 59, Best: 0.9987045058904498
[  1.00000 267.62945  28.51577  -4.57983   2.00695]
Gen: 60, Best: 0.9987045058904498
[  1.00000 267.62945  28.51577  -4.57983   2.00695]
Gen: 61, Best: 0.9987045058904498
[  1.00000 267.62945  28.51577  -4.57983   2.00695]
Gen: 62, Best: 0.9987045058904498
[  1.00000 267.62945  28.51577  -4.57983   2.00695]
Gen: 63, Best: 0.9987045058904498
[  1.00000 267.62945  28.51577  -4.57983   2.00695]
Gen: 64, Best: 0.9987045058904498
[  1.00000 267.62945  28.51577  -4.57983   2.00695]
Gen: 65, Best: 0.9987045058904498
[  1.00000 267.62945  28.51577  -4.57983   2.00695]
Gen: 66, Best: 0.9987045058904498
[  1.00000 267.62945  28.51577  -4.57983   2.00695]
Gen: 67, Best: 0.9987045058904498
[  1.00000 267.62945  28.51577  -4.57983   2.00695]
Gen: 68, Best: 0.9987045058904498
[  1.00000 267.62945  28.51577  -4.57983   2.00695]
Gen: 69, Best: 0.9987045058904498
[  1.00000 267.62945  28.51577  -4.57983   2.00695]
Gen: 70, Best: 0.9987045058904498
[  1.00000 267.62945  28.51577  -4.57983   2.00695]
Gen: 71, Best: 0.9987045058904498
[  1.00000 267.62945  28.51577  -4.57983   2.00695]
Gen: 72, Best: 0.9987045058904498
[  1.00000 267.62945  28.51577  -4.57983   2.00695]
Gen: 73, Best: 0.9987045058904498
[  1.00000 267.62945  28.51577  -4.57983   2.00695]
Gen: 74, Best: 0.9987045058904498
[  1.00000 267.62945  28.51577  -4.57983   2.00695]
Gen: 75, Best: 0.9987045058904498
[  1.00000 267.62945  28.51577  -4.57983   2.00695]
Gen: 76, Best: 0.9987045058904498
[  1.00000 267.62945  28.51577  -4.57983   2.00695]
Gen: 77, Best: 0.9987045058904498
[  1.00000 267.62945  28.51577  -4.57983   2.00695]
Gen: 78, Best: 0.9987045058904498
[  1.00000 267.62945  28.51577  -4.57983   2.00695]
Gen: 79, Best: 0.9987045058904498
[  1.00000 267.62945  28.51577  -4.57983   2.00695]
Gen: 80, Best: 0.9987045058904498
[  1.00000 267.62945  28.51577  -4.57983   2.00695]
Gen: 81, Best: 0.9987045058904498
[  1.00000 267.62945  28.51577  -4.57983   2.00695]
Gen: 82, Best: 0.9987045058904498
[  1.00000 267.62945  28.51577  -4.57983   2.00695]
Gen: 83, Best: 0.9987045058904498
[  1.00000 267.62945  28.51577  -4.57983   2.00695]
Gen: 84, Best: 0.9987045058904498
[  1.00000 267.62945  28.51577  -4.57983   2.00695]
Gen: 85, Best: 0.9987045058904498
[  1.00000 267.62945  28.51577  -4.57983   2.00695]
Gen: 86, Best: 0.9987045058904498
[  1.00000 267.62945  28.51577  -4.57983   2.00695]
Gen: 87, Best: 0.9987045058904498
[  1.00000 267.62945  28.51577  -4.57983   2.00695]
Gen: 88, Best: 0.9987045058904498
[  1.00000 267.62945  28.51577  -4.57983   2.00695]
Gen: 89, Best: 0.9987045058904498
[  1.00000 267.62945  28.51577  -4.57983   2.00695]
Gen: 90, Best: 0.9987045058904498
[  1.00000 267.62945  28.51577  -4.57983   2.00695]
Gen: 91, Best: 0.9987045058904498
[  1.00000 267.62945  28.51577  -4.57983   2.00695]
Gen: 92, Best: 0.9987045058904498
[  1.00000 267.62945  28.51577  -4.57983   2.00695]
Gen: 93, Best: 0.9987045058904498
[  1.00000 267.62945  28.51577  -4.57983   2.00695]
Gen: 94, Best: 0.9987045058904498
[  1.00000 267.62945  28.51577  -4.57983   2.00695]
Gen: 95, Best: 0.9987045058904498
[  1.00000 267.62945  28.51577  -4.57983   2.00695]
Gen: 96, Best: 0.9987045058904498
[  1.00000 267.62945  28.51577  -4.57983   2.00695]
Gen: 97, Best: 0.9987045058904498
[  1.00000 267.62945  28.51577  -4.57983   2.00695]
Gen: 98, Best: 0.9987045058904498
[  1.00000 267.62945  28.51577  -4.57983   2.00695]
Gen: 99, Best: 0.9987045058904498
[  1.00000 267.62945  28.51577  -4.57983   2.00695]
Gen: 100, Best: 0.9987045058904498
[  1.00000 267.62945  28.51577  -4.57983   2.00695]
Gen: 101, Best: 0.9987045058904498
[  1.00000 267.62945  28.51577  -4.57983   2.00695]
Gen: 102, Best: 0.9987045058904498
[  1.00000 267.62945  28.51577  -4.57983   2.00695]
Gen: 103, Best: 0.9987045058904498
[  1.00000 267.62945  28.51577  -4.57983   2.00695]
Gen: 104, Best: 0.9987045058904498
[  1.00000 212.80014  26.92334  -4.34330   3.12189]
Gen: 105, Best: 0.9987045058904498
[  1.00000 212.80014  26.92334  -4.34330   3.12189]
Gen: 106, Best: 0.9987045058904498
[  1.00000 212.80014  26.92334  -4.34330   3.12189]
Gen: 107, Best: 0.9987045058904498
[  1.00000 212.80014  26.92334  -4.34330   3.12189]
Gen: 108, Best: 0.9987045058904498
[  1.00000 212.80014  26.92334  -4.34330   3.12189]
Gen: 109, Best: 0.9987045058904498
[  1.00000 212.80014  26.92334  -4.34330   3.12189]
Gen: 110, Best: 0.9987045058904498
[  1.00000 212.80014  26.92334  -4.34330   3.12189]
Gen: 111, Best: 0.9987045058904498
[  1.00000 212.80014  26.92334  -4.34330   3.12189]
Gen: 112, Best: 0.9987045058904498
[  1.00000 212.80014  26.92334  -4.34330   3.12189]
Gen: 113, Best: 0.9987045058904498
[  1.00000 212.80014  26.92334  -4.34330   3.12189]
Gen: 114, Best: 0.9987045058904498
[  1.00000 212.80014  26.92334  -4.34330   3.12189]
Gen: 115, Best: 0.9987045058904498
[  1.00000 212.80014  26.92334  -4.34330   3.12189]
Gen: 116, Best: 0.9987045058904498
[  1.00000 212.80014  26.92334  -4.34330   3.12189]
Gen: 117, Best: 0.9987045058904498
[  1.00000 212.80014  26.92334  -4.34330   3.12189]
Gen: 118, Best: 0.9987045058904498
[  1.00000 212.80014  26.92334  -4.34330   3.12189]
Gen: 119, Best: 0.9987045058904498
[  1.00000 212.80014  26.92334  -4.34330   3.12189]
Gen: 120, Best: 0.9987045058904498
[  1.00000 212.80014  26.92334  -4.34330   3.12189]
Gen: 121, Best: 0.9987045058904498
[  1.00000 212.80014  26.92334  -4.34330   3.12189]
Gen: 122, Best: 0.9987045058904498
[  1.00000 212.80014  26.92334  -4.34330   3.12189]
Gen: 123, Best: 0.9987045058904498
[  1.00000 212.80014  26.92334  -4.34330   3.12189]
Gen: 124, Best: 0.9987045058904498
[  1.00000 212.80014  26.92334  -4.34330   3.12189]
Gen: 125, Best: 0.9987045058904498
[  1.00000 212.80014  26.92334  -4.34330   3.12189]
Gen: 126, Best: 0.9987045058904498
[  1.00000 212.80014  26.92334  -4.34330   3.12189]
Gen: 127, Best: 0.9987045058904498
[  1.00000 212.80014  26.92334  -4.34330   3.12189]
Gen: 128, Best: 0.9987045058904498
[  1.00000 212.80014  26.92334  -4.34330   3.12189]
Gen: 129, Best: 0.9987045058904498
[  1.00000 212.80014  26.92334  -4.34330   3.12189]
Gen: 130, Best: 0.9987045058904498
[  1.00000 212.80014  26.92334  -4.34330   3.12189]
Gen: 131, Best: 0.9987045058904498
[  1.00000 212.80014  26.92334  -4.34330   3.12189]
Gen: 132, Best: 0.9987045058904498
[  1.00000 212.80014  26.92334  -4.34330   3.12189]
Gen: 133, Best: 0.9987045058904498
[  1.00000 212.80014  26.92334  -4.34330   3.12189]
Gen: 134, Best: 0.9987045058904498
[  1.00000 212.80014  26.92334  -4.34330   3.12189]
Gen: 135, Best: 0.9987045058904498
[  1.00000 212.80014  26.92334  -4.34330   3.12189]
Gen: 136, Best: 0.9987045058904498
[  1.00000 212.80014  26.92334  -4.34330   3.12189]
Gen: 137, Best: 0.9987045058904498
[  1.00000 212.80014  26.92334  -4.34330   3.12189]
Gen: 138, Best: 0.9987045058904498
[  1.00000 212.80014  26.92334  -4.34330   3.12189]
Gen: 139, Best: 0.9987045058904498
[  1.00000 212.80014  26.92334  -4.34330   3.12189]
Gen: 140, Best: 0.9987045058904498
[  1.00000 212.80014  26.92334  -4.34330   3.12189]
Gen: 141, Best: 0.9987045058904498
[  1.00000 212.80014  26.92334  -4.34330   3.12189]
Gen: 142, Best: 0.9987045058904498
[  1.00000 212.80014  26.92334  -4.34330   3.12189]
Gen: 143, Best: 0.9987045058904498
[  1.00000 212.80014  26.92334  -4.34330   3.12189]
Gen: 144, Best: 0.9987045058904498
[  1.00000 212.80014  26.92334  -4.34330   3.12189]
Gen: 145, Best: 0.9987045058904498
[  1.00000 212.80014  26.92334  -4.34330   3.12189]
Gen: 146, Best: 0.9987045058904498
[  1.00000 212.80014  26.92334  -4.34330   3.12189]
Gen: 147, Best: 0.9987045058904498
[  1.00000 212.80014  26.92334  -4.34330   3.12189]
Gen: 148, Best: 0.9987045058904498
[  1.00000 212.80014  26.92334  -4.34330   3.12189]
Gen: 149, Best: 0.9987045058904498
[  1.00000 212.80014  26.92334  -4.34330   3.12189]
Gen: 150, Best: 0.9987045058904498
[  1.00000 212.80014  26.92334  -4.34330   3.12189]
Gen: 151, Best: 0.9987045058904498
[  1.00000 212.80014  26.92334  -4.34330   3.12189]
Gen: 152, Best: 0.9987045058904498
[  1.00000 212.80014  26.92334  -4.34330   3.12189]
Gen: 153, Best: 0.9987045058904498
[  1.00000 212.80014  26.92334  -4.34330   3.12189]
Gen: 154, Best: 0.9987045058904498
[  1.00000 212.80014  26.92334  -4.34330   3.12189]
Gen: 155, Best: 0.9987045058904498
[  1.00000 212.80014  26.92334  -4.34330   3.12189]
Gen: 156, Best: 0.9987045058904498
[  1.00000 212.80014  26.92334  -4.34330   3.12189]
Gen: 157, Best: 0.9987045058904498
[  1.00000 212.80014  26.92334  -4.34330   3.12189]
Gen: 158, Best: 0.9987045058904498
[  1.00000 212.80014  26.92334  -4.34330   3.12189]
Gen: 159, Best: 0.9987045058904498
[  1.00000 212.80014  26.92334  -4.34330   3.12189]
Gen: 160, Best: 0.9987045058904498
[  1.00000 212.80014  26.92334  -4.34330   3.12189]
Gen: 161, Best: 0.9987045058904498
[  1.00000 212.80014  26.92334  -4.34330   3.12189]
Gen: 162, Best: 0.9987045058904498
[  1.00000 212.80014  26.92334  -4.34330   3.12189]
Gen: 163, Best: 0.9987045058904498
[  1.00000 212.80014  26.92334  -4.34330   3.12189]
Gen: 164, Best: 0.9987045058904498
[  1.00000 212.80014  26.92334  -4.34330   3.12189]
Gen: 165, Best: 0.9987045058904498
[  1.00000 212.80014  26.92334  -4.34330   3.12189]
Gen: 166, Best: 0.9987045058904498
[  1.00000 212.80014  26.92334  -4.34330   3.12189]
Gen: 167, Best: 0.9987045058904498
[  1.00000 212.80014  26.92334  -4.34330   3.12189]
Gen: 168, Best: 0.9987045058904498
[  1.00000 212.80014  26.92334  -4.34330   3.12189]
Gen: 169, Best: 0.9987045058904498
[  1.00000 212.80014  26.92334  -4.34330   3.12189]
Gen: 170, Best: 0.9987045058904498
[  1.00000 212.80014  26.92334  -4.34330   3.12189]
Gen: 171, Best: 0.9987045058904498
[  1.00000 212.80014  26.92334  -4.34330   3.12189]
Gen: 172, Best: 0.9987045058904498
[  1.00000 212.80014  26.92334  -4.34330   3.12189]
Gen: 173, Best: 0.9987045058904498
[  1.00000 212.80014  26.92334  -4.34330   3.12189]
Gen: 174, Best: 0.9987045058904498
[  1.00000 212.80014  26.92334  -4.34330   3.12189]
Gen: 175, Best: 0.9987045058904498
[  1.00000 212.80014  26.92334  -4.34330   3.12189]
Gen: 176, Best: 0.9987045058904498
[  1.00000 212.80014  26.92334  -4.34330   3.12189]
Gen: 177, Best: 0.9987045058904498
[  1.00000 212.80014  26.92334  -4.34330   3.12189]
Gen: 178, Best: 0.9987045058904498
[  1.00000 212.80014  26.92334  -4.34330   3.12189]
Gen: 179, Best: 0.9987045058904498
[  1.00000 212.80014  26.92334  -4.34330   3.12189]
Gen: 180, Best: 0.9987045058904498
[  1.00000 212.80014  26.92334  -4.34330   3.12189]
Gen: 181, Best: 0.9987045058904498
[  1.00000 212.80014  26.92334  -4.34330   3.12189]
Gen: 182, Best: 0.9987045058904498
[  1.00000 212.80014  26.92334  -4.34330   3.12189]
Gen: 183, Best: 0.9987045058904498
[  1.00000 212.80014  26.92334  -4.34330   3.12189]
Gen: 184, Best: 0.9987045058904498
[  1.00000 212.80014  26.92334  -4.34330   3.12189]
Gen: 185, Best: 0.9987045058904498
[  1.00000 212.80014  26.92334  -4.34330   3.12189]
Gen: 186, Best: 0.9987045058904498
[  1.00000 212.80014  26.92334  -4.34330   3.12189]
Gen: 187, Best: 0.9987045058904498
[  1.00000 212.80014  26.92334  -4.34330   3.12189]
Gen: 188, Best: 0.9987045058904498
[  1.00000 212.80014  26.92334  -4.34330   3.12189]
Gen: 189, Best: 0.9987045058904498
[  1.00000 212.80014  26.92334  -4.34330   3.12189]
Gen: 190, Best: 0.9987045058904498
[  1.00000 212.80014  26.92334  -4.34330   3.12189]
Gen: 191, Best: 0.9987045058904498
[  1.00000 212.80014  26.92334  -4.34330   3.12189]
Gen: 192, Best: 0.9987045058904498
[  1.00000 212.80014  26.92334  -4.34330   3.12189]
Gen: 193, Best: 0.9987045058904498
[  1.00000 212.80014  26.92334  -4.34330   3.12189]
Gen: 194, Best: 0.9987045058904498
[  1.00000 212.80014  26.92334  -4.34330   3.12189]
Gen: 195, Best: 0.9987045058904498
[  1.00000 212.80014  26.92334  -4.34330   3.12189]
Gen: 196, Best: 0.9987045058904498
[  1.00000 212.80014  26.92334  -4.34330   3.12189]
Gen: 197, Best: 0.9987045058904498
[  1.00000 212.80014  26.92334  -4.34330   3.12189]
Gen: 198, Best: 0.9987045058904498
[  1.00000 212.80014  26.92334  -4.34330   3.12189]
Gen: 199, Best: 0.9987045058904498
[  1.00000 212.80014  26.92334  -4.34330   3.12189]
Gen: 200, Best: 0.9987045058904498
[  1.00000 212.80014  26.92334  -4.34330   3.12189]
Gen: 201, Best: 0.9987045058904498
[  1.00000 212.80014  26.92334  -4.34330   3.12189]
Gen: 202, Best: 0.9987045058904498
[  1.00000 212.80014  26.92334  -4.34330   3.12189]
Gen: 203, Best: 0.9987045058904498
[  1.00000 212.80014  26.92334  -4.34330   3.12189]
Gen: 204, Best: 0.9987045058904498
[  1.00000 212.80014  26.92334  -4.34330   3.12189]
Gen: 205, Best: 0.9987045058904498
[  1.00000 212.80014  26.92334  -4.34330   3.12189]
Gen: 206, Best: 0.9987045058904498
[  1.00000 212.80014  26.92334  -4.34330   3.12189]
Gen: 207, Best: 0.9987045058904498
[  1.00000 212.80014  26.92334  -4.34330   3.12189]
Gen: 208, Best: 0.9987045058904498
[  1.00000 212.80014  26.92334  -4.34330   3.12189]
Gen: 209, Best: 0.9987045058904498
[  1.00000 212.80014  26.92334  -4.34330   3.12189]
Gen: 210, Best: 0.9987045058904498
[  1.00000 212.80014  26.92334  -4.34330   3.12189]
Gen: 211, Best: 0.9987045058904498
[  1.00000 212.80014  26.92334  -4.34330   3.12189]
Gen: 212, Best: 0.9987045058904498
[  1.00000 212.80014  26.92334  -4.34330   3.12189]
Gen: 213, Best: 0.9987045058904498
[  1.00000 212.80014  26.92334  -4.34330   3.12189]
Gen: 214, Best: 0.9987045058904498
[  1.00000 212.80014  26.92334  -4.34330   3.12189]
Gen: 215, Best: 0.9987045058904498
[  1.00000 212.80014  26.92334  -4.34330   3.12189]
Gen: 216, Best: 0.9987045058904498
[  1.00000 212.80014  26.92334  -4.34330   3.12189]
Gen: 217, Best: 0.9987045058904498
[  1.00000 212.80014  26.92334  -4.34330   3.12189]
Gen: 218, Best: 0.9987045058904498
[  1.00000 212.80014  26.92334  -4.34330   3.12189]
Gen: 219, Best: 0.9987045058904498
[  1.00000 212.80014  26.92334  -4.34330   3.12189]
Gen: 220, Best: 0.9987045058904498
[  1.00000 212.80014  26.92334  -4.34330   3.12189]
Gen: 221, Best: 0.9987045058904498
[  1.00000 212.80014  26.92334  -4.34330   3.12189]
Gen: 222, Best: 0.9987045058904498
[  1.00000 212.80014  26.92334  -4.34330   3.12189]
Gen: 223, Best: 0.9987045058904498
[  1.00000 212.80014  26.92334  -4.34330   3.12189]
Gen: 224, Best: 0.9987045058904498
[  1.00000 212.80014  26.92334  -4.34330   3.12189]
Gen: 225, Best: 0.9987045058904498
[  1.00000 212.80014  26.92334  -4.34330   3.12189]
Gen: 226, Best: 0.9987045058904498
[  1.00000 212.80014  26.92334  -4.34330   3.12189]
Gen: 227, Best: 0.9987045058904498
[  1.00000 212.80014  26.92334  -4.34330   3.12189]
Gen: 228, Best: 0.9987449900813732
[    4.00000 21250.61631     0.00000   -10.00000     4.82441]
Gen: 229, Best: 0.9987449900813732
[    4.00000 21250.61631     0.00000   -10.00000     4.82441]
Gen: 230, Best: 0.9987449900813732
[    4.00000 21250.61631     0.00000   -10.00000     4.82441]
Gen: 231, Best: 0.9987449900813732
[    4.00000 21250.61631     0.00000   -10.00000     4.82441]
Gen: 232, Best: 0.9987449900813732
[    4.00000 21250.61631     0.00000   -10.00000     4.82441]
Gen: 233, Best: 0.9987449900813732
[    4.00000 21250.61631     0.00000   -10.00000     4.82441]
Gen: 234, Best: 0.9987449900813732
[    4.00000 21250.61631     0.00000   -10.00000     4.82441]
Gen: 235, Best: 0.9987449900813732
[    4.00000 21250.61631     0.00000   -10.00000     4.82441]
Gen: 236, Best: 0.9987449900813732
[    4.00000 21250.61631     0.00000   -10.00000     4.82441]
Gen: 237, Best: 0.9987449900813732
[    4.00000 21250.61631     0.00000   -10.00000     4.82441]
Gen: 238, Best: 0.9987449900813732
[    4.00000 21250.61631     0.00000   -10.00000     4.82441]
Gen: 239, Best: 0.9987449900813732
[    4.00000 21250.61631     0.00000   -10.00000     4.82441]
Gen: 240, Best: 0.9987449900813732
[    4.00000 21250.61631     0.00000   -10.00000     4.82441]
Gen: 241, Best: 0.9987449900813732
[    4.00000 21250.61631     0.00000   -10.00000     4.82441]
Gen: 242, Best: 0.9987449900813732
[    4.00000 21250.61631     0.00000   -10.00000     4.82441]
Gen: 243, Best: 0.9987449900813732
[    4.00000 21250.61631     0.00000   -10.00000     4.82441]
Gen: 244, Best: 0.9987449900813732
[    4.00000 21250.61631     0.00000   -10.00000     4.82441]
Gen: 245, Best: 0.9987854742722968
[   4.00000 6339.15837    0.00000  -10.00000    4.82441]
Gen: 246, Best: 0.9987854742722968
[   4.00000 6339.15837    0.00000  -10.00000    4.82441]
Gen: 247, Best: 0.9987854742722968
[   4.00000 6339.15837    0.00000  -10.00000    4.82441]
Gen: 248, Best: 0.9987854742722968
[   4.00000 6339.15837    0.00000  -10.00000    4.82441]
Gen: 249, Best: 0.9987854742722968
[   4.00000 6339.15837    0.00000  -10.00000    4.82441]
Gen: 250, Best: 0.9987854742722968
[   4.00000 6339.15837    0.00000  -10.00000    4.82441]
Gen: 251, Best: 0.9987854742722968
[   4.00000 6339.15837    0.00000  -10.00000    4.82441]
Gen: 252, Best: 0.9987854742722968
[   4.00000 6339.15837    0.00000  -10.00000    4.82441]
Gen: 253, Best: 0.9987854742722968
[   4.00000 6339.15837    0.00000  -10.00000    4.82441]
Gen: 254, Best: 0.9987854742722968
[   4.00000 6339.15837    0.00000  -10.00000    4.82441]
Gen: 255, Best: 0.9987854742722968
[   4.00000 6339.15837    0.00000  -10.00000    4.82441]
Gen: 256, Best: 0.9987854742722968
[   4.00000 6339.15837    0.00000  -10.00000    4.82441]
Gen: 257, Best: 0.9987854742722968
[   4.00000 6339.15837    0.00000  -10.00000    4.82441]
Gen: 258, Best: 0.9987854742722968
[   4.00000 6339.15837    0.00000  -10.00000    4.82441]
Gen: 259, Best: 0.9987854742722968
[   4.00000 6339.15837    0.00000  -10.00000    4.82441]
Gen: 260, Best: 0.9987854742722968
[   4.00000 6339.15837    0.00000  -10.00000    4.82441]
Gen: 261, Best: 0.9987854742722968
[   4.00000 6339.15837    0.00000  -10.00000    4.82441]
Gen: 262, Best: 0.9987854742722968
[   4.00000 6339.15837    0.00000  -10.00000    4.82441]
Gen: 263, Best: 0.9987854742722968
[   4.00000 6339.15837    0.00000  -10.00000    4.82441]
Gen: 264, Best: 0.9987854742722968
[   4.00000 6339.15837    0.00000  -10.00000    4.82441]
Gen: 265, Best: 0.9987854742722968
[   4.00000 6339.15837    0.00000  -10.00000    4.82441]
Gen: 266, Best: 0.9987854742722968
[   4.00000 6339.15837    0.00000  -10.00000    4.82441]
Gen: 267, Best: 0.9987854742722968
[   4.00000 6339.15837    0.00000  -10.00000    4.82441]
Gen: 268, Best: 0.9987854742722968
[   4.00000 6339.15837    0.00000  -10.00000    4.82441]
Gen: 269, Best: 0.9987854742722968
[   4.00000 6339.15837    0.00000  -10.00000    4.82441]
Gen: 270, Best: 0.9987854742722968
[   4.00000 6339.15837    0.00000  -10.00000    4.82441]
Gen: 271, Best: 0.9987854742722968
[   4.00000 6339.15837    0.00000  -10.00000    4.82441]
Gen: 272, Best: 0.9987854742722968
[   4.00000 6339.15837    0.00000  -10.00000    4.82441]
Gen: 273, Best: 0.9987854742722968
[   4.00000 6339.15837    0.00000  -10.00000    4.82441]
Gen: 274, Best: 0.9987854742722968
[   4.00000 6339.15837    0.00000  -10.00000    4.82441]
Gen: 275, Best: 0.9987854742722968
[   4.00000 6339.15837    0.00000  -10.00000    4.82441]
Gen: 276, Best: 0.9987854742722968
[   4.00000 6339.15837    0.00000  -10.00000    4.82441]
Gen: 277, Best: 0.9987854742722968
[   4.00000 6339.15837    0.00000  -10.00000    4.82441]
Gen: 278, Best: 0.9987854742722968
[   4.00000 6339.15837    0.00000  -10.00000    4.82441]
Gen: 279, Best: 0.9987854742722968
[   4.00000 6339.15837    0.00000  -10.00000    4.82441]
Gen: 280, Best: 0.9987854742722968
[   4.00000 6339.15837    0.00000  -10.00000    4.82441]
Gen: 281, Best: 0.9987854742722968
[   4.00000 6339.15837    0.00000  -10.00000    4.82441]
Gen: 282, Best: 0.9987854742722968
[   4.00000 6339.15837    0.00000  -10.00000    4.82441]
Gen: 283, Best: 0.9987854742722968
[   4.00000 6339.15837    0.00000  -10.00000    4.82441]
Gen: 284, Best: 0.9987854742722968
[   4.00000 6339.15837    0.00000  -10.00000    4.82441]
Gen: 285, Best: 0.9987854742722968
[   4.00000 6339.15837    0.00000  -10.00000    4.82441]
Gen: 286, Best: 0.9987854742722968
[   4.00000 6339.15837    0.00000  -10.00000    4.82441]
Gen: 287, Best: 0.9987854742722968
[   4.00000 6339.15837    0.00000  -10.00000    4.82441]
Gen: 288, Best: 0.9987854742722968
[   4.00000 6339.15837    0.00000  -10.00000    4.82441]
Gen: 289, Best: 0.9987854742722968
[   4.00000 6339.15837    0.00000  -10.00000    4.82441]
Gen: 290, Best: 0.9987854742722968
[   4.00000 6339.15837    0.00000  -10.00000    4.82441]
Gen: 291, Best: 0.9987854742722968
[   4.00000 6339.15837    0.00000  -10.00000    4.82441]
Gen: 292, Best: 0.9987854742722968
[   4.00000 6339.15837    0.00000  -10.00000    4.82441]
Gen: 293, Best: 0.9987854742722968
[   4.00000 6339.15837    0.00000  -10.00000    4.82441]
Gen: 294, Best: 0.9987854742722968
[   4.00000 6339.15837    0.00000  -10.00000    4.82441]
Gen: 295, Best: 0.9987854742722968
[   4.00000 6339.15837    0.00000  -10.00000    4.82441]
Gen: 296, Best: 0.9987854742722968
[   4.00000 6339.15837    0.00000  -10.00000    4.82441]
Gen: 297, Best: 0.9987854742722968
[   4.00000 6339.15837    0.00000  -10.00000    4.82441]
Gen: 298, Best: 0.9987854742722968
[   4.00000 6339.15837    0.00000  -10.00000    4.82441]
Gen: 299, Best: 0.9987854742722968
[   4.00000 6339.15837    0.00000  -10.00000    4.82441]
Gen: 300, Best: 0.9987854742722968
[   4.00000 6339.15837    0.00000  -10.00000    4.82441]
Gen: 301, Best: 0.9987854742722968
[   4.00000 6339.15837    0.00000  -10.00000    4.82441]
Gen: 302, Best: 0.9987854742722968
[   4.00000 6339.15837    0.00000  -10.00000    4.82441]
Gen: 303, Best: 0.9987854742722968
[   4.00000 6339.15837    0.00000  -10.00000    4.82441]
Gen: 304, Best: 0.9987854742722968
[   4.00000 6339.15837    0.00000  -10.00000    4.82441]
Gen: 305, Best: 0.9987854742722968
[   4.00000 6339.15837    0.00000  -10.00000    4.82441]
Gen: 306, Best: 0.9987854742722968
[   4.00000 6339.15837    0.00000  -10.00000    4.82441]
Gen: 307, Best: 0.9987854742722968
[   4.00000 6339.15837    0.00000  -10.00000    4.82441]
Gen: 308, Best: 0.9987854742722968
[   4.00000 6339.15837    0.00000  -10.00000    4.82441]
Gen: 309, Best: 0.9987854742722968
[   4.00000 6339.15837    0.00000  -10.00000    4.82441]
Gen: 310, Best: 0.99882595846322
[   4.00000 2124.50371    0.00000  -10.00000    4.82441]
Gen: 311, Best: 0.99882595846322
[   4.00000 2124.50371    0.00000  -10.00000    4.82441]
Gen: 312, Best: 0.99882595846322
[   4.00000 2124.50371    0.00000  -10.00000    4.82441]
Gen: 313, Best: 0.99882595846322
[   4.00000 2124.50371    0.00000  -10.00000    4.82441]
Gen: 314, Best: 0.99882595846322
[   4.00000 2124.50371    0.00000  -10.00000    4.82441]
Gen: 315, Best: 0.99882595846322
[   4.00000 2124.50371    0.00000  -10.00000    4.82441]
Gen: 316, Best: 0.99882595846322
[   4.00000 2124.50371    0.00000  -10.00000    4.82441]
Gen: 317, Best: 0.99882595846322
[   4.00000 2124.50371    0.00000  -10.00000    4.82441]
Gen: 318, Best: 0.99882595846322
[   4.00000 2124.50371    0.00000  -10.00000    4.82441]
Gen: 319, Best: 0.99882595846322
[   4.00000 2124.50371    0.00000  -10.00000    4.82441]
Gen: 320, Best: 0.99882595846322
[   4.00000 2124.50371    0.00000  -10.00000    4.82441]
Gen: 321, Best: 0.99882595846322
[   4.00000 2124.50371    0.00000  -10.00000    4.82441]
Gen: 322, Best: 0.99882595846322
[   4.00000 2124.50371    0.00000  -10.00000    4.82441]
Gen: 323, Best: 0.99882595846322
[   4.00000 2124.50371    0.00000  -10.00000    4.82441]
Gen: 324, Best: 0.99882595846322
[   4.00000 2124.50371    0.00000  -10.00000    4.82441]
Gen: 325, Best: 0.99882595846322
[   4.00000 2124.50371    0.00000  -10.00000    4.82441]
Gen: 326, Best: 0.99882595846322
[   4.00000 2124.50371    0.00000  -10.00000    4.82441]
Gen: 327, Best: 0.99882595846322
[   4.00000 2124.50371    0.00000  -10.00000    4.82441]
Gen: 328, Best: 0.99882595846322
[   4.00000 2124.50371    0.00000  -10.00000    4.82441]
Gen: 329, Best: 0.99882595846322
[   4.00000 2124.50371    0.00000  -10.00000    4.82441]
Gen: 330, Best: 0.99882595846322
[   4.00000 2124.50371    0.00000  -10.00000    4.82441]
Gen: 331, Best: 0.99882595846322
[   4.00000 2124.50371    0.00000  -10.00000    4.82441]
Gen: 332, Best: 0.99882595846322
[   4.00000 2124.50371    0.00000  -10.00000    4.82441]
Gen: 333, Best: 0.99882595846322
[   4.00000 2124.50371    0.00000  -10.00000    4.82441]
Gen: 334, Best: 0.99882595846322
[   4.00000 2124.50371    0.00000  -10.00000    4.82441]
Gen: 335, Best: 0.99882595846322
[   4.00000 2124.50371    0.00000  -10.00000    4.82441]
Gen: 336, Best: 0.99882595846322
[   4.00000 2124.50371    0.00000  -10.00000    4.82441]
Gen: 337, Best: 0.99882595846322
[   4.00000 2124.50371    0.00000  -10.00000    4.82441]
Gen: 338, Best: 0.99882595846322
[   4.00000 2124.50371    0.00000  -10.00000    4.82441]
Gen: 339, Best: 0.99882595846322
[   4.00000 2124.50371    0.00000  -10.00000    4.82441]
Gen: 340, Best: 0.99882595846322
[   4.00000 2124.50371    0.00000  -10.00000    4.82441]
Gen: 341, Best: 0.99882595846322
[   4.00000 2124.50371    0.00000  -10.00000    4.82441]
Gen: 342, Best: 0.99882595846322
[   4.00000 2124.50371    0.00000  -10.00000    4.82441]
Gen: 343, Best: 0.99882595846322
[   4.00000 2124.50371    0.00000  -10.00000    4.82441]
Gen: 344, Best: 0.99882595846322
[   4.00000 2124.50371    0.00000  -10.00000    4.82441]
Gen: 345, Best: 0.99882595846322
[   4.00000 2124.50371    0.00000  -10.00000    4.82441]
Gen: 346, Best: 0.99882595846322
[   4.00000 2124.50371    0.00000  -10.00000    4.82441]
Gen: 347, Best: 0.99882595846322
[   4.00000 2124.50371    0.00000  -10.00000    4.82441]
Gen: 348, Best: 0.99882595846322
[   4.00000 2124.50371    0.00000  -10.00000    4.82441]
Gen: 349, Best: 0.99882595846322
[   4.00000 2124.50371    0.00000  -10.00000    4.82441]
Gen: 350, Best: 0.99882595846322
[   4.00000 2124.50371    0.00000  -10.00000    4.82441]
Gen: 351, Best: 0.99882595846322
[   4.00000 2124.50371    0.00000  -10.00000    4.82441]
Gen: 352, Best: 0.99882595846322
[   4.00000 2124.50371    0.00000  -10.00000    4.82441]
Gen: 353, Best: 0.99882595846322
[   4.00000 2124.50371    0.00000  -10.00000    4.82441]
Gen: 354, Best: 0.99882595846322
[   4.00000 2124.50371    0.00000  -10.00000    4.82441]
Gen: 355, Best: 0.99882595846322
[   4.00000 2124.50371    0.00000  -10.00000    4.82441]
Gen: 356, Best: 0.99882595846322
[   4.00000 2124.50371    0.00000  -10.00000    4.82441]
Gen: 357, Best: 0.99882595846322
[   4.00000 2124.50371    0.00000  -10.00000    4.82441]
Gen: 358, Best: 0.99882595846322
[   4.00000 2124.50371    0.00000  -10.00000    4.82441]
Gen: 359, Best: 0.99882595846322
[   4.00000 2124.50371    0.00000  -10.00000    4.82441]
Gen: 360, Best: 0.99882595846322
[   4.00000 2124.50371    0.00000  -10.00000    4.82441]
Gen: 361, Best: 0.99882595846322
[   4.00000 2124.50371    0.00000  -10.00000    4.82441]
Gen: 362, Best: 0.99882595846322
[   4.00000 2124.50371    0.00000  -10.00000    4.82441]
Gen: 363, Best: 0.99882595846322
[   4.00000 2124.50371    0.00000  -10.00000    4.82441]
Gen: 364, Best: 0.99882595846322
[   4.00000 2124.50371    0.00000  -10.00000    4.82441]
Gen: 365, Best: 0.99882595846322
[   4.00000 2124.50371    0.00000  -10.00000    4.82441]
Gen: 366, Best: 0.99882595846322
[   4.00000 2124.50371    0.00000  -10.00000    4.82441]
Gen: 367, Best: 0.99882595846322
[   4.00000 2124.50371    0.00000  -10.00000    4.82441]
Gen: 368, Best: 0.99882595846322
[   4.00000 2124.50371    0.00000  -10.00000    4.82441]
Gen: 369, Best: 0.99882595846322
[   4.00000 2124.50371    0.00000  -10.00000    4.82441]
Gen: 370, Best: 0.99882595846322
[   4.00000 2124.50371    0.00000  -10.00000    4.82441]
Gen: 371, Best: 0.99882595846322
[   4.00000 2124.50371    0.00000  -10.00000    4.82441]
Gen: 372, Best: 0.99882595846322
[   4.00000 2124.50371    0.00000  -10.00000    4.82441]
Gen: 373, Best: 0.99882595846322
[   4.00000 2124.50371    0.00000  -10.00000    4.82441]
Gen: 374, Best: 0.99882595846322
[   4.00000 2124.50371    0.00000  -10.00000    4.82441]
Gen: 375, Best: 0.99882595846322
[   4.00000 2124.50371    0.00000  -10.00000    4.82441]
Gen: 376, Best: 0.99882595846322
[   4.00000 2124.50371    0.00000  -10.00000    4.82441]
Gen: 377, Best: 0.99882595846322
[   4.00000 2124.50371    0.00000  -10.00000    4.82441]
Gen: 378, Best: 0.99882595846322
[   4.00000 2124.50371    0.00000  -10.00000    4.82441]
Gen: 379, Best: 0.99882595846322
[   4.00000 2124.50371    0.00000  -10.00000    4.82441]
Gen: 380, Best: 0.99882595846322
[   4.00000 2124.50371    0.00000  -10.00000    4.82441]
Gen: 381, Best: 0.99882595846322
[   4.00000 2124.50371    0.00000  -10.00000    4.82441]
Gen: 382, Best: 0.99882595846322
[   4.00000 2124.50371    0.00000  -10.00000    4.82441]
Gen: 383, Best: 0.99882595846322
[   4.00000 2124.50371    0.00000  -10.00000    4.82441]
Gen: 384, Best: 0.99882595846322
[   4.00000 2124.50371    0.00000  -10.00000    4.82441]
Gen: 385, Best: 0.99882595846322
[   4.00000 2124.50371    0.00000  -10.00000    4.82441]
Gen: 386, Best: 0.99882595846322
[   4.00000 2124.50371    0.00000  -10.00000    4.82441]
Gen: 387, Best: 0.99882595846322
[   4.00000 2124.50371    0.00000  -10.00000    4.82441]
Gen: 388, Best: 0.99882595846322
[   4.00000 2124.50371    0.00000  -10.00000    4.82441]
Gen: 389, Best: 0.99882595846322
[   4.00000 2124.50371    0.00000  -10.00000    4.82441]
Gen: 390, Best: 0.99882595846322
[   4.00000 2124.50371    0.00000  -10.00000    4.82441]
Gen: 391, Best: 0.99882595846322
[   4.00000 2124.50371    0.00000  -10.00000    4.82441]
Gen: 392, Best: 0.99882595846322
[   4.00000 2124.50371    0.00000  -10.00000    4.82441]
Gen: 393, Best: 0.99882595846322
[   4.00000 2124.50371    0.00000  -10.00000    4.82441]
Gen: 394, Best: 0.99882595846322
[   4.00000 2124.50371    0.00000  -10.00000    4.82441]
Gen: 395, Best: 0.99882595846322
[   4.00000 2124.50371    0.00000  -10.00000    4.82441]
Gen: 396, Best: 0.99882595846322
[   4.00000 2124.50371    0.00000  -10.00000    4.82441]
Gen: 397, Best: 0.99882595846322
[   4.00000 2124.50371    0.00000  -10.00000    4.82441]
Gen: 398, Best: 0.99882595846322
[   4.00000 2124.50371    0.00000  -10.00000    4.82441]
Gen: 399, Best: 0.99882595846322
[   4.00000 2124.50371    0.00000  -10.00000    4.82441]
Gen: 400, Best: 0.99882595846322
[   4.00000 2124.50371    0.00000  -10.00000    4.82441]
Gen: 401, Best: 0.99882595846322
[   4.00000 2124.50371    0.00000  -10.00000    4.82441]
Gen: 402, Best: 0.99882595846322
[   4.00000 2124.50371    0.00000  -10.00000    4.82441]
Gen: 403, Best: 0.99882595846322
[   4.00000 2124.50371    0.00000  -10.00000    4.82441]
Gen: 404, Best: 0.99882595846322
[   4.00000 2124.50371    0.00000  -10.00000    4.82441]
Gen: 405, Best: 0.99882595846322
[   4.00000 2124.50371    0.00000  -10.00000    4.82441]
Gen: 406, Best: 0.99882595846322
[   4.00000 2124.50371    0.00000  -10.00000    4.82441]
Gen: 407, Best: 0.99882595846322
[   4.00000 2124.50371    0.00000  -10.00000    4.82441]
Gen: 408, Best: 0.99882595846322
[   4.00000 2124.50371    0.00000  -10.00000    4.82441]
Gen: 409, Best: 0.99882595846322
[   4.00000 2124.50371    0.00000  -10.00000    4.82441]
Gen: 410, Best: 0.99882595846322
[   4.00000 2124.50371    0.00000  -10.00000    4.82441]
Gen: 411, Best: 0.99882595846322
[   4.00000 2124.50371    0.00000  -10.00000    4.82441]
Gen: 412, Best: 0.99882595846322
[   4.00000 2124.50371    0.00000  -10.00000    4.82441]
Gen: 413, Best: 0.99882595846322
[   4.00000 2124.50371    0.00000  -10.00000    4.82441]
Gen: 414, Best: 0.99882595846322
[   4.00000 2124.50371    0.00000  -10.00000    4.82441]
Gen: 415, Best: 0.99882595846322
[   4.00000 2124.50371    0.00000  -10.00000    4.82441]
Gen: 416, Best: 0.99882595846322
[   4.00000 2124.50371    0.00000  -10.00000    4.82441]
Gen: 417, Best: 0.99882595846322
[   4.00000 2124.50371    0.00000  -10.00000    4.82441]
Gen: 418, Best: 0.99882595846322
[   4.00000 2124.50371    0.00000  -10.00000    4.82441]
Gen: 419, Best: 0.99882595846322
[   4.00000 2124.50371    0.00000  -10.00000    4.82441]
Gen: 420, Best: 0.99882595846322
[   4.00000 2124.50371    0.00000  -10.00000    4.82441]
Gen: 421, Best: 0.99882595846322
[   4.00000 2124.50371    0.00000  -10.00000    4.82441]
Gen: 422, Best: 0.99882595846322
[   4.00000 2124.50371    0.00000  -10.00000    4.82441]
Gen: 423, Best: 0.99882595846322
[   4.00000 2124.50371    0.00000  -10.00000    4.82441]
Gen: 424, Best: 0.99882595846322
[   4.00000 2124.50371    0.00000  -10.00000    4.82441]
Gen: 425, Best: 0.99882595846322
[   4.00000 2124.50371    0.00000  -10.00000    4.82441]
Gen: 426, Best: 0.99882595846322
[   4.00000 2124.50371    0.00000  -10.00000    4.82441]
Gen: 427, Best: 0.99882595846322
[   4.00000 2124.50371    0.00000  -10.00000    4.82441]
Gen: 428, Best: 0.99882595846322
[   4.00000 2124.50371    0.00000  -10.00000    4.82441]
Gen: 429, Best: 0.99882595846322
[   4.00000 2124.50371    0.00000  -10.00000    4.82441]
Gen: 430, Best: 0.99882595846322
[   4.00000 2124.50371    0.00000  -10.00000    4.82441]
Gen: 431, Best: 0.99882595846322
[   4.00000 2124.50371    0.00000  -10.00000    4.82441]
Gen: 432, Best: 0.99882595846322
[   4.00000 2124.50371    0.00000  -10.00000    4.82441]
Gen: 433, Best: 0.99882595846322
[   4.00000 2124.50371    0.00000  -10.00000    4.82441]
Gen: 434, Best: 0.99882595846322
[   4.00000 2124.50371    0.00000  -10.00000    4.82441]
Gen: 435, Best: 0.99882595846322
[   4.00000 2124.50371    0.00000  -10.00000    4.82441]
Gen: 436, Best: 0.99882595846322
[   4.00000 2124.50371    0.00000  -10.00000    4.82441]
Gen: 437, Best: 0.99882595846322
[   4.00000 2124.50371    0.00000  -10.00000    4.82441]
Gen: 438, Best: 0.99882595846322
[   4.00000 2124.50371    0.00000  -10.00000    4.82441]
Gen: 439, Best: 0.99882595846322
[   4.00000 2124.50371    0.00000  -10.00000    4.82441]
Gen: 440, Best: 0.99882595846322
[   4.00000 2124.50371    0.00000  -10.00000    4.82441]
Gen: 441, Best: 0.99882595846322
[   4.00000 2124.50371    0.00000  -10.00000    4.82441]
Gen: 442, Best: 0.99882595846322
[   4.00000 2124.50371    0.00000  -10.00000    4.82441]
Gen: 443, Best: 0.99882595846322
[   4.00000 2124.50371    0.00000  -10.00000    4.82441]
Gen: 444, Best: 0.99882595846322
[   4.00000 2124.50371    0.00000  -10.00000    4.82441]
Gen: 445, Best: 0.99882595846322
[   4.00000 2124.50371    0.00000  -10.00000    4.82441]
Gen: 446, Best: 0.99882595846322
[   4.00000 2124.50371    0.00000  -10.00000    4.82441]
Gen: 447, Best: 0.99882595846322
[   4.00000 2124.50371    0.00000  -10.00000    4.82441]
Gen: 448, Best: 0.99882595846322
[   4.00000 2124.50371    0.00000  -10.00000    4.82441]
Gen: 449, Best: 0.99882595846322
[   4.00000 2124.50371    0.00000  -10.00000    4.82441]
Gen: 450, Best: 0.99882595846322
[   4.00000 2124.50371    0.00000  -10.00000    4.82441]
Gen: 451, Best: 0.99882595846322
[   4.00000 2124.50371    0.00000  -10.00000    4.82441]
Gen: 452, Best: 0.99882595846322
[   4.00000 2124.50371    0.00000  -10.00000    4.82441]
Gen: 453, Best: 0.99882595846322
[   4.00000 2124.50371    0.00000  -10.00000    4.82441]
Gen: 454, Best: 0.99882595846322
[   4.00000 2124.50371    0.00000  -10.00000    4.82441]
Gen: 455, Best: 0.99882595846322
[   4.00000 2124.50371    0.00000  -10.00000    4.82441]
Gen: 456, Best: 0.99882595846322
[   4.00000 2124.50371    0.00000  -10.00000    4.82441]
Gen: 457, Best: 0.99882595846322
[   4.00000 2124.50371    0.00000  -10.00000    4.82441]
Gen: 458, Best: 0.99882595846322
[   4.00000 2124.50371    0.00000  -10.00000    4.82441]
Gen: 459, Best: 0.99882595846322
[   4.00000 2124.50371    0.00000  -10.00000    4.82441]
Gen: 460, Best: 0.99882595846322
[   4.00000 2124.50371    0.00000  -10.00000    4.82441]
Gen: 461, Best: 0.99882595846322
[   4.00000 2124.50371    0.00000  -10.00000    4.82441]
Gen: 462, Best: 0.99882595846322
[   4.00000 2124.50371    0.00000  -10.00000    4.82441]
Gen: 463, Best: 0.99882595846322
[   4.00000 2124.50371    0.00000  -10.00000    4.82441]
Gen: 464, Best: 0.99882595846322
[   4.00000 2124.50371    0.00000  -10.00000    4.82441]
Gen: 465, Best: 0.99882595846322
[   4.00000 2124.50371    0.00000  -10.00000    4.82441]
Gen: 466, Best: 0.99882595846322
[   4.00000 2124.50371    0.00000  -10.00000    4.82441]
Gen: 467, Best: 0.99882595846322
[   4.00000 2124.50371    0.00000  -10.00000    4.82441]
Gen: 468, Best: 0.99882595846322
[   4.00000 2124.50371    0.00000  -10.00000    4.82441]
Gen: 469, Best: 0.99882595846322
[   4.00000 2124.50371    0.00000  -10.00000    4.82441]
Gen: 470, Best: 0.99882595846322
[   4.00000 2124.50371    0.00000  -10.00000    4.82441]
Gen: 471, Best: 0.99882595846322
[   4.00000 2124.50371    0.00000  -10.00000    4.82441]
Gen: 472, Best: 0.99882595846322
[   4.00000 2124.50371    0.00000  -10.00000    4.82441]
Gen: 473, Best: 0.99882595846322
[   4.00000 2124.50371    0.00000  -10.00000    4.82441]
Gen: 474, Best: 0.99882595846322
[   4.00000 2124.50371    0.00000  -10.00000    4.82441]
Gen: 475, Best: 0.99882595846322
[   4.00000 2124.50371    0.00000  -10.00000    4.82441]
Gen: 476, Best: 0.99882595846322
[   4.00000 2124.50371    0.00000  -10.00000    4.82441]
Gen: 477, Best: 0.99882595846322
[   4.00000 2124.50371    0.00000  -10.00000    4.82441]
Gen: 478, Best: 0.99882595846322
[   4.00000 2124.50371    0.00000  -10.00000    4.82441]
Gen: 479, Best: 0.99882595846322
[   4.00000 2124.50371    0.00000  -10.00000    4.82441]
Gen: 480, Best: 0.99882595846322
[   4.00000 2124.50371    0.00000  -10.00000    4.82441]
Gen: 481, Best: 0.99882595846322
[   4.00000 2124.50371    0.00000  -10.00000    4.82441]
Gen: 482, Best: 0.99882595846322
[   4.00000 2124.50371    0.00000  -10.00000    4.82441]
Gen: 483, Best: 0.99882595846322
[   4.00000 2124.50371    0.00000  -10.00000    4.82441]
Gen: 484, Best: 0.99882595846322
[   4.00000 2124.50371    0.00000  -10.00000    4.82441]
Gen: 485, Best: 0.99882595846322
[   4.00000 2124.50371    0.00000  -10.00000    4.82441]
Gen: 486, Best: 0.99882595846322
[   4.00000 2124.50371    0.00000  -10.00000    4.82441]
Gen: 487, Best: 0.99882595846322
[   4.00000 2124.50371    0.00000  -10.00000    4.82441]
Gen: 488, Best: 0.99882595846322
[   4.00000 2124.50371    0.00000  -10.00000    4.82441]
Gen: 489, Best: 0.99882595846322
[   4.00000 2124.50371    0.00000  -10.00000    4.82441]
Gen: 490, Best: 0.99882595846322
[   4.00000 2124.50371    0.00000  -10.00000    4.82441]
Gen: 491, Best: 0.99882595846322
[   4.00000 2124.50371    0.00000  -10.00000    4.82441]
Gen: 492, Best: 0.99882595846322
[   4.00000 2124.50371    0.00000  -10.00000    4.82441]
Gen: 493, Best: 0.99882595846322
[   4.00000 2124.50371    0.00000  -10.00000    4.82441]
Gen: 494, Best: 0.99882595846322
[   4.00000 2124.50371    0.00000  -10.00000    4.82441]
Gen: 495, Best: 0.99882595846322
[   4.00000 2124.50371    0.00000  -10.00000    4.82441]
Gen: 496, Best: 0.99882595846322
[   4.00000 2124.50371    0.00000  -10.00000    4.82441]
Gen: 497, Best: 0.99882595846322
[   4.00000 2124.50371    0.00000  -10.00000    4.82441]
Gen: 498, Best: 0.99882595846322
[   4.00000 2124.50371    0.00000  -10.00000    4.82441]
Gen: 499, Best: 0.99882595846322
[   4.00000 2124.50371    0.00000  -10.00000    4.82441]
Gen: 500, Best: 0.99882595846322
[   4.00000 2124.50371    0.00000  -10.00000    4.82441]
Best Solution: [   4.00000 2124.50371    0.00000  -10.00000    4.82441]
Best Fitness: 0.99882595846322
default Fitness: 0.9978543378810575
実行時間: 42395.1266秒
SVMの実行時間: 42393.7729秒
評価値:0.9987  [  1.00000 285.68833   0.00000   7.96024   3.30020]
評価値:0.9987  [  1.00000 326.96094   8.76603  -4.18835   2.80514]
評価値:0.9987  [  1.00000 212.80014  26.92334  -4.34330   3.12189]
評価値:0.9987  [  1.00000 253.89131   0.61428   1.95712   4.66839]
評価値:0.9987  [  1.00000 227.96951   4.34484  -9.03257   4.55750]
評価値:0.9984  [    4.00000 10378.41403    24.02360     0.10997     2.16937]
評価値:0.9987  [  1.00000 314.32629  21.84713   4.06100   3.04685]
評価値:0.9987  [  1.00000 294.86377  19.36027   2.97331   3.16536]
評価値:0.9987  [  1.00000 267.62945  28.51577  -4.57983   2.00695]
評価値:0.9987  [  1.00000 250.43095   3.60894   7.25915   3.68063]
評価値:0.9987  [  1.00000 316.31318  26.50298   5.94144   2.78688]
評価値:0.9988  [   4.00000 2124.50371    0.00000  -10.00000    4.82441]
評価値:0.9984  [    4.00000 23101.32401    13.07274     4.67953     2.33835]
評価値:0.9987  [  1.00000 277.90506  19.56318   9.96773   2.79373]
評価値:0.9987  [  1.00000 214.37965   1.20208   6.09509   2.96055]
評価値:0.9987  [  1.00000 312.69672  18.05280   2.50961   4.23915]
評価値:0.9987  [  1.00000 325.45364   0.00000   8.15836   4.55929]
評価値:0.9987  [  1.00000 282.28741  28.34840  -1.24622   3.21717]
評価値:0.9987  [  1.00000 322.28716  21.71162   9.46497   4.75603]
評価値:0.9987  [  1.00000 312.39214  20.85261  -6.90291   3.46444]
