標準化(0で有効): 0
データセット: kdd99
打ち切り学習回数: -1.0e+00
コロニーサイズ: 10
偵察バチのLIMIT: 100
サイクル数: 500
試行回数: 2
###############

1試行目

###############
初期化1 , Fitness:0.9948447380079746
[0.83937 0.26052 0.30143 0.07083 0.28645 0.74305 0.87348 0.54070 0.02789
 0.31656 0.89949 0.49816 0.19451 0.95467 0.26655 0.96599 0.37963 0.53995
 0.30383 0.17595 0.20738 0.31220 0.92110 0.63649 0.13582 0.63003 0.91875
 0.94712 0.77720 0.74665 0.70807 0.66827 0.20163 0.37033 0.70052 0.08909
 0.42827 0.26784 0.71166 0.28374]
初期化2 , Fitness:0.9961285639391863
[0.68162 0.26841 0.44639 0.53690 0.88388 0.44247 0.87692 0.79925 0.42424
 0.48330 0.80706 0.54681 0.20140 0.27515 0.47246 0.90280 0.21627 0.95669
 0.13623 0.73620 0.40556 0.14993 0.17721 0.04124 0.13931 0.59947 0.15932
 0.57304 0.21807 0.90526 0.00882 0.34621 0.16427 0.51116 0.78199 0.36084
 0.27984 0.34461 0.43097 0.24912]
初期化3 , Fitness:0.9948046717680225
[0.17529 0.79502 0.43426 0.33250 0.77802 0.82267 0.46891 0.83731 0.16595
 0.18694 0.85994 0.69112 0.27896 0.27680 0.26848 0.37587 0.14784 0.63696
 0.47822 0.31958 0.69029 0.05753 0.65486 0.30015 0.28154 0.37284 0.73557
 0.93552 0.86468 0.63346 0.94781 0.45077 0.80138 0.57494 0.55085 0.61010
 0.06398 0.42170 0.09462 0.94912]
初期化4 , Fitness:0.996429940095605
[0.14626 0.34212 0.30682 0.78041 0.58156 0.27655 0.79868 0.44271 0.58158
 0.91127 0.69347 0.34360 0.32411 0.44946 0.77408 0.26347 0.67350 0.95205
 0.27997 0.70520 0.00874 0.80219 0.71219 0.99781 0.11485 0.93790 0.86473
 0.55081 0.48407 0.41689 0.55501 0.28887 0.94071 0.30480 0.91874 0.92734
 0.96754 0.32835 0.88270 0.63297]
初期化5 , Fitness:0.9927855147605554
[0.39017 0.54779 0.34891 0.02532 0.48559 0.85597 0.84136 0.39175 0.11697
 0.95605 0.63371 0.24085 0.37198 0.37379 0.23357 0.73737 0.42958 0.52715
 0.66847 0.27225 0.24893 0.28305 0.25787 0.82453 0.69863 0.72062 0.33937
 0.07955 0.84469 0.92237 0.26282 0.20497 0.40989 0.65090 0.48704 0.75639
 0.18874 0.80573 0.18171 0.84213]
初期化6 , Fitness:0.9916496045606006
[0.40450 0.81626 0.93251 0.35041 0.96927 0.69554 0.44148 0.26815 0.13334
 0.89977 0.10100 0.35196 0.55998 0.28600 0.37510 0.07406 0.69279 0.88281
 0.65915 0.39963 0.67012 0.27290 0.97108 0.19097 0.00617 0.07314 0.05536
 0.28993 0.51831 0.17072 0.06784 0.07685 0.06899 0.37143 0.21772 0.59219
 0.31152 0.40086 0.26046 0.19237]
