標準化(0で有効): 0
データセット: kdd99
打ち切り学習回数: 1.0e+07
r_range = (-10, 10)
コロニーサイズ: 10
偵察バチのLIMIT: 100
サイクル数: 500
試行回数: 1
###############

1試行目

###############
初期化1 , Fitness:0.9987061820240165
[    4.00000 10301.88118    31.59229    -1.31228     2.47018]
初期化2 , Fitness:0.9983025502162228
[   2.00000 6028.37858    7.12199   -4.78141    2.30735]
初期化3 , Fitness:0.72957925361452
[    3.00000 11240.02263     7.38274    -4.23648     1.28896]
初期化4 , Fitness:0.9976574175047457
[   2.00000 9471.25307   16.95881   -3.90390    1.60047]
初期化5 , Fitness:0.9954461191262997
[    4.00000 30097.50144    23.56247     7.85294     1.33365]
初期化6 , Fitness:0.6987750714305921
[   3.00000 6394.90687   26.77159   -8.94195    1.31154]
初期化7 , Fitness:0.9986254295532645
[    1.00000 24284.72034    17.70585     4.24486     2.93282]
初期化8 , Fitness:0.9986456164466635
[    1.00000 13094.52188    21.77623    -6.63322     2.18293]
初期化9 , Fitness:0.9986254295532645
[    1.00000 23860.80886    24.90191    -0.81517     2.77763]
初期化10 , Fitness:0.9986254295532645
[    1.00000 22971.07393    30.50992     5.28266     1.37038]
Gen: 1, Best: 0.9988057163677584
[    4.00000 10301.88118    31.59229    -1.08912     2.47018]
Gen: 2, Best: 0.9988057163677584
[    4.00000 10301.88118    31.59229    -1.08912     2.47018]
Gen: 3, Best: 0.9988057163677584
[    4.00000 10301.88118    31.59229    -1.08912     2.47018]
Gen: 4, Best: 0.9988057163677584
[    4.00000 10301.88118    31.59229    -1.08912     2.47018]
Gen: 5, Best: 0.9988057163677584
[    4.00000 10301.88118    31.59229    -1.08912     2.47018]
Gen: 6, Best: 0.9988057163677584
[    4.00000 10301.88118    31.59229    -1.08912     2.47018]
Gen: 7, Best: 0.9988664426541436
[    4.00000 10301.88118    31.59229     1.21150     2.47018]
Gen: 8, Best: 0.9988664426541436
[    4.00000 10301.88118    31.59229     1.21150     2.47018]
Gen: 9, Best: 0.9988664426541436
[    4.00000 10301.88118    31.59229     1.21150     2.47018]
Gen: 10, Best: 0.9988664426541436
[    4.00000 10301.88118    31.59229     1.21150     2.47018]
Gen: 11, Best: 0.9988664426541436
[    4.00000 10301.88118    31.59229     1.21150     2.47018]
Gen: 12, Best: 0.9991498319906076
[   2.00000 2832.44467    0.20089   -3.90390    1.60047]
Gen: 13, Best: 0.9991498319906076
[   2.00000 2832.44467    0.20089   -3.90390    1.60047]
Gen: 14, Best: 0.9991498319906076
[   2.00000 2832.44467    0.20089   -3.90390    1.60047]
Gen: 15, Best: 0.9991498319906076
[   2.00000 2832.44467    0.20089   -3.90390    1.60047]
Gen: 16, Best: 0.9991498319906076
[   2.00000 2832.44467    0.20089   -3.90390    1.60047]
Gen: 17, Best: 0.9991498319906076
[   2.00000 2832.44467    0.20089   -3.90390    1.60047]
Gen: 18, Best: 0.9991498319906076
[   2.00000 2832.44467    0.20089   -3.90390    1.60047]
Gen: 19, Best: 0.9991498319906076
[   2.00000 2832.44467    0.20089   -3.90390    1.60047]
Gen: 20, Best: 0.9991498319906076
[   2.00000 2832.44467    0.20089   -3.90390    1.60047]
Gen: 21, Best: 0.9991498319906076
[   2.00000 2832.44467    0.20089   -3.90390    1.60047]
Gen: 22, Best: 0.9991498319906076
[   2.00000 2832.44467    0.20089   -3.90390    1.60047]
Gen: 23, Best: 0.9991498319906076
[   2.00000 2832.44467    0.20089   -3.90390    1.60047]
Gen: 24, Best: 0.9991498319906076
[   2.00000 2832.44467    0.20089   -3.90390    1.60047]
Gen: 25, Best: 0.9991498319906076
[   2.00000 2832.44467    0.20089   -3.90390    1.60047]
Gen: 26, Best: 0.9991498319906076
[   2.00000 2832.44467    0.20089   -3.90390    1.60047]
Gen: 27, Best: 0.9991498319906076
[   2.00000 2832.44467    0.20089   -3.90390    1.60047]
Gen: 28, Best: 0.9991498319906076
[   2.00000 2832.44467    0.20089   -3.90390    1.60047]
Gen: 29, Best: 0.9991700740860694
[   2.00000 4197.77711    0.20089   -3.90390    1.60047]
Gen: 30, Best: 0.9991700740860694
[   2.00000 4197.77711    0.20089   -3.90390    1.60047]
Gen: 31, Best: 0.9991700740860694
[   2.00000 4197.77711    0.20089   -3.90390    1.60047]
Gen: 32, Best: 0.9991700740860694
[   2.00000 4197.77711    0.20089   -3.90390    1.60047]
Gen: 33, Best: 0.9991700740860694
[   2.00000 4197.77711    0.20089   -3.90390    1.60047]
Gen: 34, Best: 0.9991700740860694
[   2.00000 4197.77711    0.20089   -3.90390    1.60047]
Gen: 35, Best: 0.9991700740860694
[   2.00000 4197.77711    0.20089   -3.90390    1.60047]
Gen: 36, Best: 0.9991700740860694
[   2.00000 4197.77711    0.20089   -3.90390    1.60047]
Gen: 37, Best: 0.9991700740860694
[   2.00000 4197.77711    0.20089   -3.90390    1.60047]
Gen: 38, Best: 0.9991700740860694
[   2.00000 4197.77711    0.20089   -3.90390    1.60047]
Gen: 39, Best: 0.9991700740860694
[   2.00000 4197.77711    0.20089   -3.90390    1.60047]
Gen: 40, Best: 0.9991700740860694
[   2.00000 4197.77711    0.20089   -3.90390    1.60047]
Gen: 41, Best: 0.9991700740860694
[   2.00000 4197.77711    0.20089   -3.90390    1.60047]
Gen: 42, Best: 0.9991700740860694
[   2.00000 4197.77711    0.20089   -3.90390    1.60047]
Gen: 43, Best: 0.9991700740860694
[   2.00000 4197.77711    0.20089   -3.90390    1.60047]
Gen: 44, Best: 0.9991700740860694
[   2.00000 4197.77711    0.20089   -3.90390    1.60047]
Gen: 45, Best: 0.9991903161815312
[   2.00000 2938.55078    0.20089   -3.90390    1.60047]
Gen: 46, Best: 0.9991903161815312
[   2.00000 2938.55078    0.20089   -3.90390    1.60047]
Gen: 47, Best: 0.9991903161815312
[   2.00000 2938.55078    0.20089   -3.90390    1.60047]
Gen: 48, Best: 0.9991903161815312
[   2.00000 2938.55078    0.20089   -3.90390    1.60047]
Gen: 49, Best: 0.9991903161815312
[   2.00000 2938.55078    0.20089   -3.90390    1.60047]
Gen: 50, Best: 0.9991903161815312
[   2.00000 2938.55078    0.20089   -3.90390    1.60047]
Gen: 51, Best: 0.9991903161815312
[   2.00000 2938.55078    0.20089   -3.90390    1.60047]
Gen: 52, Best: 0.9991903161815312
[   2.00000 2938.55078    0.20089   -3.90390    1.60047]
Gen: 53, Best: 0.9991903161815312
[   2.00000 2938.55078    0.20089   -3.90390    1.60047]
Gen: 54, Best: 0.9991903161815312
[   2.00000 2938.55078    0.20089   -3.90390    1.60047]
Gen: 55, Best: 0.9991903161815312
[   2.00000 2938.55078    0.20089   -3.90390    1.60047]
Gen: 56, Best: 0.9991903161815312
[   2.00000 2938.55078    0.20089   -3.90390    1.60047]
Gen: 57, Best: 0.9991903161815312
[   2.00000 2938.55078    0.20089   -3.90390    1.60047]
Gen: 58, Best: 0.9991903161815312
[   2.00000 2938.55078    0.20089   -3.90390    1.60047]
Gen: 59, Best: 0.9991903161815312
[   2.00000 2938.55078    0.20089   -3.90390    1.60047]
Gen: 60, Best: 0.9991903161815312
[   2.00000 2938.55078    0.20089   -3.90390    1.60047]
Gen: 61, Best: 0.9991903161815312
[   2.00000 2938.55078    0.20089   -3.90390    1.60047]
Gen: 62, Best: 0.9991903161815312
[   2.00000 2938.55078    0.20089   -3.90390    1.60047]
Gen: 63, Best: 0.9991903161815312
[   2.00000 2938.55078    0.20089   -3.90390    1.60047]
Gen: 64, Best: 0.9991903161815312
[   2.00000 2938.55078    0.20089   -3.90390    1.60047]
Gen: 65, Best: 0.9991903161815312
[   2.00000 2938.55078    0.20089   -3.90390    1.60047]
Gen: 66, Best: 0.9991903161815312
[   2.00000 2938.55078    0.20089   -3.90390    1.60047]
Gen: 67, Best: 0.9991903161815312
[   2.00000 2938.55078    0.20089   -3.90390    1.60047]
Gen: 68, Best: 0.9992510424679164
[   2.00000 1520.50234    0.20089   -3.90390    1.60047]
Gen: 69, Best: 0.9992510424679164
[   2.00000 1520.50234    0.20089   -3.90390    1.60047]
Gen: 70, Best: 0.9992510424679164
[   2.00000 1520.50234    0.20089   -3.90390    1.60047]
Gen: 71, Best: 0.9992510424679164
[   2.00000 1520.50234    0.20089   -3.90390    1.60047]
Gen: 72, Best: 0.9992510424679164
[   2.00000 1520.50234    0.20089   -3.90390    1.60047]
Gen: 73, Best: 0.9992510424679164
[   2.00000 1520.50234    0.20089   -3.90390    1.60047]
Gen: 74, Best: 0.9992510424679164
[   2.00000 1520.50234    0.20089   -3.90390    1.60047]
Gen: 75, Best: 0.9992510424679164
[   2.00000 1520.50234    0.20089   -3.90390    1.60047]
Gen: 76, Best: 0.9992510424679164
[   2.00000 1520.50234    0.20089   -3.90390    1.60047]
Gen: 77, Best: 0.9992510424679164
[   2.00000 1520.50234    0.20089   -3.90390    1.60047]
Gen: 78, Best: 0.9992510424679164
[   2.00000 1520.50234    0.20089   -3.90390    1.60047]
Gen: 79, Best: 0.9992510424679164
[   2.00000 1520.50234    0.20089   -3.90390    1.60047]
Gen: 80, Best: 0.9992510424679164
[   2.00000 1520.50234    0.20089   -3.90390    1.60047]
Gen: 81, Best: 0.9992510424679164
[   2.00000 1520.50234    0.20089   -3.90390    1.60047]
Gen: 82, Best: 0.9992510424679164
[   2.00000 1520.50234    0.20089   -3.90390    1.60047]
Gen: 83, Best: 0.9992510424679164
[   2.00000 1520.50234    0.20089   -3.90390    1.60047]
Gen: 84, Best: 0.9992510424679164
[   2.00000 1520.50234    0.20089   -3.90390    1.60047]
Gen: 85, Best: 0.9992510424679164
[   2.00000 1520.50234    0.20089   -3.90390    1.60047]
Gen: 86, Best: 0.9992510424679164
[   2.00000 1520.50234    0.20089   -3.90390    1.60047]
Gen: 87, Best: 0.9992510424679164
[   2.00000 1520.50234    0.20089   -3.90390    1.60047]
Gen: 88, Best: 0.9992510424679164
[   2.00000 1520.50234    0.20089   -3.90390    1.60047]
Gen: 89, Best: 0.9992510424679164
[   2.00000 1520.50234    0.20089   -3.90390    1.60047]
Gen: 90, Best: 0.9992510424679164
[   2.00000 1520.50234    0.20089   -3.90390    1.60047]
Gen: 91, Best: 0.9992510424679164
[   2.00000 1520.50234    0.20089   -3.90390    1.60047]
Gen: 92, Best: 0.9992510424679164
[   2.00000 1520.50234    0.20089   -3.90390    1.60047]
Gen: 93, Best: 0.9992510424679164
[   2.00000 1520.50234    0.20089   -3.90390    1.60047]
Gen: 94, Best: 0.9992510424679164
[   2.00000 1520.50234    0.20089   -3.90390    1.60047]
Gen: 95, Best: 0.9992510424679164
[   2.00000 1520.50234    0.20089   -3.90390    1.60047]
Gen: 96, Best: 0.9992510424679164
[   2.00000 1520.50234    0.20089   -3.90390    1.60047]
Gen: 97, Best: 0.9992510424679164
[   2.00000 1520.50234    0.20089   -3.90390    1.60047]
Gen: 98, Best: 0.9992510424679164
[   2.00000 1520.50234    0.20089   -3.90390    1.60047]
Gen: 99, Best: 0.9992510424679164
[   2.00000 1520.50234    0.20089   -3.90390    1.60047]
Gen: 100, Best: 0.9992510424679164
[   2.00000 1520.50234    0.20089   -3.90390    1.60047]
Gen: 101, Best: 0.9992510424679164
[   2.00000 1520.50234    0.20089   -3.90390    1.60047]
Gen: 102, Best: 0.9992510424679164
[   2.00000 1520.50234    0.20089   -3.90390    1.60047]
Gen: 103, Best: 0.9992510424679164
[   2.00000 1520.50234    0.20089   -3.90390    1.60047]
Gen: 104, Best: 0.9992510424679164
[   2.00000 1520.50234    0.20089   -3.90390    1.60047]
Gen: 105, Best: 0.9992510424679164
[   2.00000 1520.50234    0.20089   -3.90390    1.60047]
Gen: 106, Best: 0.9992510424679164
[   2.00000 1520.50234    0.20089   -3.90390    1.60047]
Gen: 107, Best: 0.9992510424679164
[   2.00000 1520.50234    0.20089   -3.90390    1.60047]
Gen: 108, Best: 0.9992510424679164
[   2.00000 1520.50234    0.20089   -3.90390    1.60047]
Gen: 109, Best: 0.9992510424679164
[   2.00000 1520.50234    0.20089   -3.90390    1.60047]
Gen: 110, Best: 0.9992510424679164
[   2.00000 1520.50234    0.20089   -3.90390    1.60047]
Gen: 111, Best: 0.9992510424679164
[   2.00000 1520.50234    0.20089   -3.90390    1.60047]
Gen: 112, Best: 0.9992510424679164
[   2.00000 1520.50234    0.20089   -3.90390    1.60047]
Gen: 113, Best: 0.9992510424679164
[   2.00000 1520.50234    0.20089   -3.90390    1.60047]
Gen: 114, Best: 0.9992510424679164
[   2.00000 1520.50234    0.20089   -3.90390    1.60047]
Gen: 115, Best: 0.9992510424679164
[   2.00000 1520.50234    0.20089   -3.90390    1.60047]
Gen: 116, Best: 0.9992510424679164
[   2.00000 1520.50234    0.20089   -3.90390    1.60047]
Gen: 117, Best: 0.9992510424679164
[   2.00000 1520.50234    0.20089   -3.90390    1.60047]
Gen: 118, Best: 0.9992510424679164
[   2.00000 1520.50234    0.20089   -3.90390    1.60047]
Gen: 119, Best: 0.9992510424679164
[   2.00000 1520.50234    0.20089   -3.90390    1.60047]
Gen: 120, Best: 0.9992510424679164
[   2.00000 1520.50234    0.20089   -3.90390    1.60047]
Gen: 121, Best: 0.9992510424679164
[   2.00000 1520.50234    0.20089   -3.90390    1.60047]
Gen: 122, Best: 0.9992510424679164
[   2.00000 1520.50234    0.20089   -3.90390    1.60047]
Gen: 123, Best: 0.9992510424679164
[   2.00000 1520.50234    0.20089   -3.90390    1.60047]
Gen: 124, Best: 0.9992510424679164
[   2.00000 1520.50234    0.20089   -3.90390    1.60047]
Gen: 125, Best: 0.9992510424679164
[   2.00000 1520.50234    0.20089   -3.90390    1.60047]
Gen: 126, Best: 0.9992510424679164
[   2.00000 1520.50234    0.20089   -3.90390    1.60047]
Gen: 127, Best: 0.9992510424679164
[   2.00000 1520.50234    0.20089   -3.90390    1.60047]
Gen: 128, Best: 0.9992510424679164
[   2.00000 1520.50234    0.20089   -3.90390    1.60047]
Gen: 129, Best: 0.9992510424679164
[   2.00000 1520.50234    0.20089   -3.90390    1.60047]
Gen: 130, Best: 0.9992510424679164
[   2.00000 1520.50234    0.20089   -3.90390    1.60047]
Gen: 131, Best: 0.9992510424679164
[   2.00000 1520.50234    0.20089   -3.90390    1.60047]
Gen: 132, Best: 0.9992510424679164
[   2.00000 1520.50234    0.20089   -3.90390    1.60047]
Gen: 133, Best: 0.9992510424679164
[   2.00000 1520.50234    0.20089   -3.90390    1.60047]
Gen: 134, Best: 0.9992510424679164
[   2.00000 1520.50234    0.20089   -3.90390    1.60047]
Gen: 135, Best: 0.9992510424679164
[   2.00000 1520.50234    0.20089   -3.90390    1.60047]
Gen: 136, Best: 0.9992510424679164
[   2.00000 1520.50234    0.20089   -3.90390    1.60047]
Gen: 137, Best: 0.9992510424679164
[   2.00000 1520.50234    0.20089   -3.90390    1.60047]
Gen: 138, Best: 0.9992510424679164
[   2.00000 1520.50234    0.20089   -3.90390    1.60047]
Gen: 139, Best: 0.9992510424679164
[   2.00000 1520.50234    0.20089   -3.90390    1.60047]
Gen: 140, Best: 0.9992510424679164
[   2.00000 1520.50234    0.20089   -3.90390    1.60047]
Gen: 141, Best: 0.9992510424679164
[   2.00000 1520.50234    0.20089   -3.90390    1.60047]
Gen: 142, Best: 0.9992510424679164
[   2.00000 1520.50234    0.20089   -3.90390    1.60047]
Gen: 143, Best: 0.9992510424679164
[   2.00000 1520.50234    0.20089   -3.90390    1.60047]
Gen: 144, Best: 0.9992510424679164
[   2.00000 1520.50234    0.20089   -3.90390    1.60047]
Gen: 145, Best: 0.9992510424679164
[    2.00000 33479.49766    31.79911     3.90390     2.39953]
Gen: 146, Best: 0.9992510424679164
[    1.00000 33479.49766    31.79911     3.90390     2.39953]
Gen: 147, Best: 0.9992915266588396
[  2.00000 191.60609   0.42239  -5.28266   2.62962]
Gen: 148, Best: 0.9992915266588396
[  2.00000 191.60609   0.42239  -5.28266   2.62962]
Gen: 149, Best: 0.9992915266588396
[  2.00000 191.60609   0.42239  -5.28266   2.62962]
Gen: 150, Best: 0.9992915266588396
[  2.00000 191.60609   0.42239  -5.28266   2.62962]
Gen: 151, Best: 0.9992915266588396
[  2.00000 191.60609   0.42239  -5.28266   2.62962]
Gen: 152, Best: 0.9992915266588396
[  2.00000 191.60609   0.42239  -5.28266   2.62962]
Gen: 153, Best: 0.9992915266588396
[  2.00000 191.60609   0.42239  -5.28266   2.62962]
Gen: 154, Best: 0.9992915266588396
[  2.00000 191.60609   0.42239  -5.28266   2.62962]
Gen: 155, Best: 0.9992915266588396
[  2.00000 191.60609   0.42239  -5.28266   2.62962]
Gen: 156, Best: 0.9992915266588396
[  2.00000 191.60609   0.42239  -5.28266   2.62962]
Gen: 157, Best: 0.9992915266588396
[  2.00000 191.60609   0.42239  -5.28266   2.62962]
Gen: 158, Best: 0.9992915266588396
[  2.00000 191.60609   0.42239  -5.28266   2.62962]
Gen: 159, Best: 0.9992915266588396
[  2.00000 191.60609   0.42239  -5.28266   2.62962]
Gen: 160, Best: 0.9992915266588396
[  2.00000 191.60609   0.42239  -5.28266   2.62962]
Gen: 161, Best: 0.9992915266588396
[  2.00000 191.60609   0.42239  -5.28266   2.62962]
Gen: 162, Best: 0.9992915266588396
[  2.00000 191.60609   0.42239  -5.28266   2.62962]
Gen: 163, Best: 0.9992915266588396
[  2.00000 191.60609   0.42239  -5.28266   2.62962]
Gen: 164, Best: 0.9992915266588396
[  2.00000 191.60609   0.42239  -5.28266   2.62962]
Gen: 165, Best: 0.9992915266588396
[  2.00000 191.60609   0.42239  -5.28266   2.62962]
Gen: 166, Best: 0.9992915266588396
[  2.00000 191.60609   0.42239  -5.28266   2.62962]
Gen: 167, Best: 0.9992915266588396
[  2.00000 191.60609   0.42239  -5.28266   2.62962]
Gen: 168, Best: 0.9992915266588396
[  2.00000 191.60609   0.42239  -5.28266   2.62962]
Gen: 169, Best: 0.9992915266588396
[  2.00000 191.60609   0.42239  -5.28266   2.62962]
Gen: 170, Best: 0.9992915266588396
[  2.00000 191.60609   0.42239  -5.28266   2.62962]
Gen: 171, Best: 0.9992915266588396
[  2.00000 191.60609   0.42239  -5.28266   2.62962]
Gen: 172, Best: 0.9992915266588396
[  2.00000 191.60609   0.42239  -5.28266   2.62962]
Gen: 173, Best: 0.9992915266588396
[  2.00000 191.60609   0.42239  -5.28266   2.62962]
Gen: 174, Best: 0.9992915266588396
[  2.00000 191.60609   0.42239  -5.28266   2.62962]
Gen: 175, Best: 0.9992915266588396
[  2.00000 191.60609   0.42239  -5.28266   2.62962]
Gen: 176, Best: 0.9992915266588396
[  2.00000 191.60609   0.42239  -5.28266   2.62962]
Gen: 177, Best: 0.9992915266588396
[  2.00000 191.60609   0.42239  -5.28266   2.62962]
Gen: 178, Best: 0.9992915266588396
[  2.00000 191.60609   0.42239  -5.28266   2.62962]
Gen: 179, Best: 0.9992915266588396
[  2.00000 191.60609   0.42239  -5.28266   2.62962]
Gen: 180, Best: 0.9992915266588396
[  2.00000 191.60609   0.42239  -5.28266   2.62962]
Gen: 181, Best: 0.9992915266588396
[  2.00000 191.60609   0.42239  -5.28266   2.62962]
Gen: 182, Best: 0.9992915266588396
[  2.00000 191.60609   0.42239  -5.28266   2.62962]
Gen: 183, Best: 0.9992915266588396
[  2.00000 191.60609   0.42239  -5.28266   2.62962]
Gen: 184, Best: 0.9992915266588396
[  2.00000 191.60609   0.42239  -5.28266   2.62962]
Gen: 185, Best: 0.9992915266588396
[  2.00000 191.60609   0.42239  -5.28266   2.62962]
Gen: 186, Best: 0.9992915266588396
[  2.00000 191.60609   0.42239  -5.28266   2.62962]
Gen: 187, Best: 0.9992915266588396
[  2.00000 191.60609   0.42239  -5.28266   2.62962]
Gen: 188, Best: 0.9992915266588396
[  2.00000 191.60609   0.42239  -5.28266   2.62962]
Gen: 189, Best: 0.9992915266588396
[  2.00000 191.60609   0.42239  -5.28266   2.62962]
Gen: 190, Best: 0.9992915266588396
[  2.00000 191.60609   0.42239  -5.28266   2.62962]
Gen: 191, Best: 0.9992915266588396
[  2.00000 191.60609   0.42239  -5.28266   2.62962]
Gen: 192, Best: 0.9992915266588396
[  2.00000 191.60609   0.42239  -5.28266   2.62962]
Gen: 193, Best: 0.9992915266588396
[  2.00000 191.60609   0.42239  -5.28266   2.62962]
Gen: 194, Best: 0.9992915266588396
[  2.00000 191.60609   0.42239  -5.28266   2.62962]
Gen: 195, Best: 0.9992915266588396
[  2.00000 191.60609   0.42239  -5.28266   2.62962]
Gen: 196, Best: 0.9992915266588396
[  2.00000 191.60609   0.42239  -5.28266   2.62962]
Gen: 197, Best: 0.9992915266588396
[  2.00000 191.60609   0.42239  -5.28266   2.62962]
Gen: 198, Best: 0.9992915266588396
[  2.00000 191.60609   0.42239  -5.28266   2.62962]
Gen: 199, Best: 0.9992915266588396
[  2.00000 191.60609   0.42239  -5.28266   2.62962]
Gen: 200, Best: 0.9992915266588396
[  2.00000 191.60609   0.42239  -5.28266   2.62962]
Gen: 201, Best: 0.9992915266588396
[  2.00000 191.60609   0.42239  -5.28266   2.62962]
Gen: 202, Best: 0.9992915266588396
[  2.00000 191.60609   0.42239  -5.28266   2.62962]
Gen: 203, Best: 0.9992915266588396
[  2.00000 191.60609   0.42239  -5.28266   2.62962]
Gen: 204, Best: 0.9992915266588396
[  2.00000 191.60609   0.42239  -5.28266   2.62962]
Gen: 205, Best: 0.9992915266588396
[  2.00000 191.60609   0.42239  -5.28266   2.62962]
Gen: 206, Best: 0.9992915266588396
[  2.00000 191.60609   0.42239  -5.28266   2.62962]
Gen: 207, Best: 0.9992915266588396
[  2.00000 191.60609   0.42239  -5.28266   2.62962]
Gen: 208, Best: 0.9992915266588396
[  2.00000 191.60609   0.42239  -5.28266   2.62962]
Gen: 209, Best: 0.9992915266588396
[  2.00000 191.60609   0.42239  -5.28266   2.62962]
Gen: 210, Best: 0.9992915266588396
[  2.00000 191.60609   0.42239  -5.28266   2.62962]
Gen: 211, Best: 0.9993117687543016
[  2.00000 177.67310   0.42239  -5.28266   2.62962]
Gen: 212, Best: 0.9993117687543016
[  2.00000 177.67310   0.42239  -5.28266   2.62962]
Gen: 213, Best: 0.9993117687543016
[  2.00000 177.67310   0.42239  -5.28266   2.62962]
Gen: 214, Best: 0.9993117687543016
[  2.00000 177.67310   0.42239  -5.28266   2.62962]
Gen: 215, Best: 0.9993117687543016
[  2.00000 177.67310   0.42239  -5.28266   2.62962]
Gen: 216, Best: 0.9993117687543016
[  2.00000 177.67310   0.42239  -5.28266   2.62962]
Gen: 217, Best: 0.9993117687543016
[  2.00000 177.67310   0.42239  -5.28266   2.62962]
Gen: 218, Best: 0.9993117687543016
[  2.00000 177.67310   0.42239  -5.28266   2.62962]
Gen: 219, Best: 0.9993117687543016
[  2.00000 177.67310   0.42239  -5.28266   2.62962]
Gen: 220, Best: 0.9993117687543016
[  2.00000 177.67310   0.42239  -5.28266   2.62962]
Gen: 221, Best: 0.9993117687543016
[  2.00000 177.67310   0.42239  -5.28266   2.62962]
Gen: 222, Best: 0.9993117687543016
[  2.00000 177.67310   0.42239  -5.28266   2.62962]
Gen: 223, Best: 0.9993117687543016
[  2.00000 177.67310   0.42239  -5.28266   2.62962]
Gen: 224, Best: 0.9993117687543016
[  2.00000 177.67310   0.42239  -5.28266   2.62962]
Gen: 225, Best: 0.9993117687543016
[  2.00000 177.67310   0.42239  -5.28266   2.62962]
Gen: 226, Best: 0.9993117687543016
[  2.00000 177.67310   0.42239  -5.28266   2.62962]
Gen: 227, Best: 0.9993117687543016
[  2.00000 177.67310   0.42239  -5.28266   2.62962]
Gen: 228, Best: 0.9993117687543016
[  2.00000 177.67310   0.42239  -5.28266   2.62962]
Gen: 229, Best: 0.9993117687543016
[  2.00000 177.67310   0.42239  -5.28266   2.62962]
Gen: 230, Best: 0.9993117687543016
[  2.00000 177.67310   0.42239  -5.28266   2.62962]
Gen: 231, Best: 0.9993117687543016
[  2.00000 177.67310   0.42239  -5.28266   2.62962]
Gen: 232, Best: 0.9993117687543016
[  2.00000 177.67310   0.42239  -5.28266   2.62962]
Gen: 233, Best: 0.9993117687543016
[  2.00000 177.67310   0.42239  -5.28266   2.62962]
Gen: 234, Best: 0.9993117687543016
[  2.00000 177.67310   0.42239  -5.28266   2.62962]
Gen: 235, Best: 0.9993117687543016
[  2.00000 177.67310   0.42239  -5.28266   2.62962]
Gen: 236, Best: 0.9993117687543016
[  2.00000 177.67310   0.42239  -5.28266   2.62962]
Gen: 237, Best: 0.9993117687543016
[  2.00000 177.67310   0.42239  -5.28266   2.62962]
Gen: 238, Best: 0.9993117687543016
[  2.00000 177.67310   0.42239  -5.28266   2.62962]
Gen: 239, Best: 0.9993117687543016
[  2.00000 177.67310   0.42239  -5.28266   2.62962]
Gen: 240, Best: 0.9993117687543016
[  2.00000 177.67310   0.42239  -5.28266   2.62962]
Gen: 241, Best: 0.9993117687543016
[  2.00000 177.67310   0.42239  -5.28266   2.62962]
Gen: 242, Best: 0.9993117687543016
[  2.00000 177.67310   0.42239  -5.28266   2.62962]
Gen: 243, Best: 0.9993117687543016
[  2.00000 177.67310   0.42239  -5.28266   2.62962]
Gen: 244, Best: 0.9993117687543016
[  2.00000 177.67310   0.42239  -5.28266   2.62962]
Gen: 245, Best: 0.9993117687543016
[  2.00000 177.67310   0.42239  -5.28266   2.62962]
Gen: 246, Best: 0.9993117687543016
[  2.00000 177.67310   0.42239  -5.28266   2.62962]
Gen: 247, Best: 0.9993117687543016
[  2.00000 177.67310   0.42239  -5.28266   2.62962]
Gen: 248, Best: 0.9993117687543016
[  2.00000 177.67310   0.42239  -5.28266   2.62962]
Gen: 249, Best: 0.9993117687543016
[  2.00000 177.67310   0.42239  -5.28266   2.62962]
Gen: 250, Best: 0.9993117687543016
[  2.00000 177.67310   0.42239  -5.28266   2.62962]
Gen: 251, Best: 0.9993117687543016
[  2.00000 177.67310   0.42239  -5.28266   2.62962]
Gen: 252, Best: 0.9993117687543016
[  2.00000 177.67310   0.42239  -5.28266   2.62962]
Gen: 253, Best: 0.9993117687543016
[  2.00000 177.67310   0.42239  -5.28266   2.62962]
Gen: 254, Best: 0.9993117687543016
[  2.00000 177.67310   0.42239  -5.28266   2.62962]
Gen: 255, Best: 0.9993117687543016
[  2.00000 177.67310   0.42239  -5.28266   2.62962]
Gen: 256, Best: 0.9993117687543016
[  2.00000 177.67310   0.42239  -5.28266   2.62962]
Gen: 257, Best: 0.9993117687543016
[  2.00000 177.67310   0.42239  -5.28266   2.62962]
Gen: 258, Best: 0.9993117687543016
[  2.00000 177.67310   0.42239  -5.28266   2.62962]
Gen: 259, Best: 0.9993117687543016
[  2.00000 177.67310   0.42239  -5.28266   2.62962]
Gen: 260, Best: 0.9993117687543016
[  2.00000 177.67310   0.42239  -5.28266   2.62962]
Gen: 261, Best: 0.9993117687543016
[  2.00000 177.67310   0.42239  -5.28266   2.62962]
Gen: 262, Best: 0.9993117687543016
[  2.00000 177.67310   0.42239  -5.28266   2.62962]
Gen: 263, Best: 0.9993117687543016
[  2.00000 177.67310   0.42239  -5.28266   2.62962]
Gen: 264, Best: 0.9993117687543016
[  2.00000 177.67310   0.42239  -5.28266   2.62962]
Gen: 265, Best: 0.9993117687543016
[  2.00000 177.67310   0.42239  -5.28266   2.62962]
Gen: 266, Best: 0.9993117687543016
[  2.00000 177.67310   0.42239  -5.28266   2.62962]
Gen: 267, Best: 0.9993117687543016
[  2.00000 177.67310   0.42239  -5.28266   2.62962]
Gen: 268, Best: 0.9993117687543016
[  2.00000 177.67310   0.42239  -5.28266   2.62962]
Gen: 269, Best: 0.9993117687543016
[  2.00000 177.67310   0.42239  -5.28266   2.62962]
Gen: 270, Best: 0.9993117687543016
[  2.00000 177.67310   0.42239  -5.28266   2.62962]
Gen: 271, Best: 0.9993117687543016
[  2.00000 177.67310   0.42239  -5.28266   2.62962]
Gen: 272, Best: 0.9993117687543016
[  2.00000 177.67310   0.42239  -5.28266   2.62962]
Gen: 273, Best: 0.9993117687543016
[  2.00000 177.67310   0.42239  -5.28266   2.62962]
Gen: 274, Best: 0.9993117687543016
[  2.00000 177.67310   0.42239  -5.28266   2.62962]
Gen: 275, Best: 0.9993117687543016
[  2.00000 177.67310   0.42239  -5.28266   2.62962]
Gen: 276, Best: 0.9993117687543016
[  2.00000 177.67310   0.42239  -5.28266   2.62962]
Gen: 277, Best: 0.9993117687543016
[  2.00000 177.67310   0.42239  -5.28266   2.62962]
Gen: 278, Best: 0.9993117687543016
[  2.00000 177.67310   0.42239  -5.28266   2.62962]
Gen: 279, Best: 0.9993117687543016
[  2.00000 177.67310   0.42239  -5.28266   2.62962]
Gen: 280, Best: 0.9993117687543016
[  2.00000 177.67310   0.42239  -5.28266   2.62962]
Gen: 281, Best: 0.9993117687543016
[  2.00000 177.67310   0.42239  -5.28266   2.62962]
Gen: 282, Best: 0.9993117687543016
[  2.00000 177.67310   0.42239  -5.28266   2.62962]
Gen: 283, Best: 0.9993117687543016
[  2.00000 177.67310   0.42239  -5.28266   2.62962]
Gen: 284, Best: 0.9993117687543016
[  2.00000 177.67310   0.42239  -5.28266   2.62962]
Gen: 285, Best: 0.9993117687543016
[  2.00000 177.67310   0.42239  -5.28266   2.62962]
Gen: 286, Best: 0.9993117687543016
[  2.00000 177.67310   0.42239  -5.28266   2.62962]
Gen: 287, Best: 0.9993117687543016
[  2.00000 177.67310   0.42239  -5.28266   2.62962]
Gen: 288, Best: 0.9993117687543016
[  2.00000 177.67310   0.42239  -5.28266   2.62962]
Gen: 289, Best: 0.9993117687543016
[    2.00000 34822.32690    31.57761     5.28266     1.37038]
Gen: 290, Best: 0.9993117687543016
[    2.00000 34822.32690    31.57761     5.28266     1.37038]
Gen: 291, Best: 0.9993117687543016
[    2.00000 34822.32690    27.06624     5.28266     1.37038]
Gen: 292, Best: 0.9993117687543016
[    2.00000 34822.32690    27.06624     5.28266     1.37038]
Gen: 293, Best: 0.9993117687543016
[    2.00000 34822.32690    27.06624     5.28266     1.37038]
Gen: 294, Best: 0.9993117687543016
[    2.00000 34822.32690    27.06624     5.28266     1.37038]
Gen: 295, Best: 0.9993117687543016
[    2.00000 34822.32690    27.06624     5.28266     1.37038]
Gen: 296, Best: 0.9993117687543016
[    2.00000 34822.32690    27.06624     5.28266     1.37038]
Gen: 297, Best: 0.9993117687543016
[    2.00000 34822.32690    27.06624     5.28266     1.37038]
Gen: 298, Best: 0.9993117687543016
[    2.00000 34822.32690    27.06624     5.28266     1.37038]
Gen: 299, Best: 0.9993117687543016
[    2.00000 34822.32690    27.06624     5.28266     1.37038]
Gen: 300, Best: 0.9993117687543016
[    2.00000 34822.32690    27.06624     5.28266     1.37038]
Gen: 301, Best: 0.9993117687543016
[    2.00000 34822.32690    27.06624     5.28266     1.37038]
Gen: 302, Best: 0.9993117687543016
[    2.00000 34822.32690    16.03462     5.28266     1.37038]
Gen: 303, Best: 0.9993117687543016
[    2.00000 34822.32690    16.03462     5.28266     1.37038]
Gen: 304, Best: 0.9993117687543016
[    2.00000 34822.32690    12.31438     5.28266     1.37038]
Gen: 305, Best: 0.9993117687543016
[    2.00000 34822.32690    12.31438     5.28266     1.37038]
Gen: 306, Best: 0.9993117687543016
[    2.00000 34822.32690    12.31438     5.28266     1.37038]
Gen: 307, Best: 0.9993117687543016
[    2.00000 34822.32690    12.31438     5.28266     1.37038]
Gen: 308, Best: 0.9993117687543016
[    4.00000 34822.32690    12.31438     5.28266     1.37038]
Gen: 309, Best: 0.9993117687543016
[    4.00000 34822.32690    17.01979     5.28266     1.37038]
Gen: 310, Best: 0.9993117687543016
[    4.00000 34822.32690    17.01979     5.28266     1.37038]
Gen: 311, Best: 0.9993117687543016
[    4.00000 34822.32690    17.01979     5.28266     1.37038]
Gen: 312, Best: 0.9993117687543016
[    4.00000 34822.32690    17.01979     5.28266     1.37038]
Gen: 313, Best: 0.9993117687543016
[    4.00000 35000.00000    17.01979     5.28266     1.37038]
Gen: 314, Best: 0.9993117687543016
[    4.00000 35000.00000    17.01979     5.28266     1.37038]
Gen: 315, Best: 0.9993117687543016
[    4.00000 35000.00000    17.01979     5.28266     1.37038]
Gen: 316, Best: 0.9993117687543016
[    4.00000 35000.00000    17.01979     5.28266     1.37038]
Gen: 317, Best: 0.9993117687543016
[    4.00000 35000.00000    17.01979     5.28266     1.37038]
Gen: 318, Best: 0.9993117687543016
[    4.00000 35000.00000    17.01979     5.28266     1.37038]
Gen: 319, Best: 0.9993117687543016
[    4.00000 35000.00000    17.01979     5.28266     1.37038]
Gen: 320, Best: 0.9993117687543016
[    4.00000 35000.00000    17.01979     5.28266     1.37038]
Gen: 321, Best: 0.9993117687543016
[    4.00000 35000.00000    17.01979     5.28266     1.37038]
Gen: 322, Best: 0.9993117687543016
[   4.00000 4414.98025   17.01979    5.28266    1.37038]
Gen: 323, Best: 0.9993117687543016
[   4.00000 4414.98025   17.01979    5.28266    1.37038]
Gen: 324, Best: 0.9993117687543016
[   4.00000 4414.98025   17.01979    5.28266    1.37038]
Gen: 325, Best: 0.9993117687543016
[   4.00000 4414.98025   17.01979    5.28266    1.37038]
Gen: 326, Best: 0.9993117687543016
[   4.00000 4414.98025   17.01979    5.28266    1.37038]
Gen: 327, Best: 0.9993117687543016
[   4.00000 4414.98025   17.01979    5.28266    1.50706]
Gen: 328, Best: 0.9993117687543016
[   4.00000 4414.98025   17.01979    5.28266    1.50706]
Gen: 329, Best: 0.9993117687543016
[   4.00000 4414.98025   17.01979    5.28266    1.50706]
Gen: 330, Best: 0.9993117687543016
[   4.00000 4414.98025   17.01979    5.28266    1.50706]
Gen: 331, Best: 0.9993117687543016
[   4.00000 4414.98025   13.20702    5.28266    1.50706]
Gen: 332, Best: 0.9993117687543016
[   4.00000 4414.98025   13.20702    5.28266    1.50706]
Gen: 333, Best: 0.9993117687543016
[   4.00000 4414.98025   13.20702    5.28266    1.50706]
Gen: 334, Best: 0.9993117687543016
[   4.00000 4414.98025   13.20702    5.28266    1.50706]
Gen: 335, Best: 0.9993117687543016
[   4.00000 4414.98025   13.20702    5.28266    1.50706]
Gen: 336, Best: 0.9993117687543016
[   4.00000 4414.98025   13.20702    5.28266    1.50706]
Gen: 337, Best: 0.9993117687543016
[   4.00000 4414.98025   13.20702    5.28266    1.50706]
Gen: 338, Best: 0.9993117687543016
[   4.00000 4414.98025   13.20702    5.28266    1.50706]
Gen: 339, Best: 0.9993117687543016
[   4.00000 4414.98025   13.20702    5.28266    1.50706]
Gen: 340, Best: 0.9993117687543016
[   4.00000 4414.98025   13.20702    5.28266    1.50706]
Gen: 341, Best: 0.9993117687543016
[   4.00000 4414.98025   13.20702    5.28266    1.50706]
Gen: 342, Best: 0.9993117687543016
[   4.00000 4414.98025    2.25583    5.28266    1.50706]
Gen: 343, Best: 0.9993117687543016
[   4.00000 4414.98025    2.25583    5.28266    1.50706]
Gen: 344, Best: 0.9993117687543016
[   4.00000 4414.98025    2.25583    5.28266    1.50706]
Gen: 345, Best: 0.9993117687543016
[   4.00000 4414.98025    2.25583    5.28266    1.50706]
Gen: 346, Best: 0.9993117687543016
[   4.00000 4414.98025    2.25583    5.28266    1.50706]
Gen: 347, Best: 0.9993117687543016
[   4.00000 4414.98025    2.05737    5.28266    1.50706]
Gen: 348, Best: 0.9993117687543016
[   4.00000 4414.98025    2.05737    5.28266    1.50706]
Gen: 349, Best: 0.9993117687543016
[   4.00000 4414.98025    2.05737    5.28266    1.50706]
Gen: 350, Best: 0.9993117687543016
[   4.00000 4414.98025    2.05737    5.28266    1.50706]
Gen: 351, Best: 0.9993117687543016
[   4.00000 4414.98025    2.05737    5.28266    1.50706]
Gen: 352, Best: 0.9993117687543016
[   4.00000 7924.17307    2.05737    5.28266    1.50706]
Gen: 353, Best: 0.9993117687543016
[   4.00000 7924.17307    2.05737    5.28266    1.50706]
Gen: 354, Best: 0.9993117687543016
[   4.00000 7924.17307    2.05737    5.28266    1.50706]
Gen: 355, Best: 0.9993117687543016
[   4.00000 7924.17307    2.05737    5.28266    1.50706]
Gen: 356, Best: 0.9993117687543016
[   4.00000 7924.17307    2.05737    5.28266    1.50706]
Gen: 357, Best: 0.9993117687543016
[   4.00000 7924.17307    2.05737    5.28266    1.50706]
Gen: 358, Best: 0.9993117687543016
[   4.00000 7924.17307    2.05737    5.28266    1.50706]
Gen: 359, Best: 0.9993117687543016
[   4.00000 7924.17307    2.05737    5.28266    1.50706]
Gen: 360, Best: 0.9993117687543016
[   4.00000 7924.17307    2.05737    5.28266    1.50706]
Gen: 361, Best: 0.9993117687543016
[   4.00000 7924.17307    2.05737    5.28266    1.50706]
Gen: 362, Best: 0.9993117687543016
[   4.00000 7924.17307    2.05737    5.28266    1.50706]
Gen: 363, Best: 0.9993117687543016
[   4.00000 7924.17307    2.05737    5.28266    1.50706]
Gen: 364, Best: 0.9993117687543016
[   4.00000 7924.17307    2.05737    5.28266    1.50706]
Gen: 365, Best: 0.9993117687543016
[   4.00000 7924.17307    2.05737    5.28266    1.50706]
Gen: 366, Best: 0.9993117687543016
[   4.00000 7924.17307    2.05737    5.28266    1.50706]
Gen: 367, Best: 0.9993117687543016
[   4.00000 7924.17307    2.05737    5.28266    1.50706]
Gen: 368, Best: 0.9993117687543016
[   4.00000 7924.17307    2.05737    5.28266    1.50706]
Gen: 369, Best: 0.9993117687543016
[   4.00000 7924.17307    2.05737    5.28266    1.50706]
Gen: 370, Best: 0.9993117687543016
[   4.00000 7924.17307    2.05737    5.28266    1.50706]
Gen: 371, Best: 0.9993117687543016
[   4.00000 7924.17307    2.05737    5.28266    1.50706]
Gen: 372, Best: 0.9993117687543016
[   4.00000 7924.17307    2.05737    5.28266    1.50706]
Gen: 373, Best: 0.9993117687543016
[   4.00000 7924.17307    2.05737    5.28266    1.50706]
Gen: 374, Best: 0.9993117687543016
[   4.00000 7924.17307    2.05737    5.28266    1.50706]
Gen: 375, Best: 0.9993117687543016
[   4.00000 7924.17307    2.05737    5.28266    1.50706]
Gen: 376, Best: 0.9993117687543016
[   4.00000 7924.17307    2.05737    5.28266    1.50706]
Gen: 377, Best: 0.9993117687543016
[   4.00000 7924.17307    2.05737    5.28266    1.50706]
Gen: 378, Best: 0.9993117687543016
[   4.00000 7924.17307    2.05737    5.28266    1.50706]
Gen: 379, Best: 0.9993117687543016
[   4.00000 7924.17307    2.05737    5.28266    1.50706]
Gen: 380, Best: 0.9993117687543016
[   4.00000 7924.17307    2.05737    5.28266    1.50706]
Gen: 381, Best: 0.9993117687543016
[   4.00000 7924.17307    2.05737    5.28266    1.50706]
Gen: 382, Best: 0.9993117687543016
[   4.00000 7924.17307    2.05737    5.28266    1.50706]
Gen: 383, Best: 0.9993117687543016
[   4.00000 7924.17307    2.05737    5.28266    1.50706]
Gen: 384, Best: 0.9993117687543016
[   4.00000 7924.17307    2.05737    5.28266    1.50706]
Gen: 385, Best: 0.9993117687543016
[   4.00000 7924.17307    2.05737    5.28266    1.50706]
Gen: 386, Best: 0.9993117687543016
[   4.00000 7924.17307    2.05737    5.28266    1.50706]
Gen: 387, Best: 0.9993117687543016
[   4.00000 7924.17307    2.05737    5.28266    1.50706]
Gen: 388, Best: 0.9993117687543016
[   4.00000 7924.17307    2.05737    5.28266    1.50706]
Gen: 389, Best: 0.9993117687543016
[   4.00000 7924.17307    2.05737    5.28266    1.50706]
Gen: 390, Best: 0.9993117687543016
[   4.00000 7924.17307    2.05737    5.28266    1.50706]
Gen: 391, Best: 0.9993117687543016
[   4.00000 7924.17307    2.05737    5.28266    1.50706]
Gen: 392, Best: 0.9993117687543016
[   4.00000 7924.17307    2.05737    5.28266    1.50706]
Gen: 393, Best: 0.9993117687543016
[   4.00000 7924.17307    2.05737    5.28266    1.50706]
Gen: 394, Best: 0.9993117687543016
[   4.00000 7924.17307    2.05737    5.28266    1.50706]
Gen: 395, Best: 0.9993117687543016
[   4.00000 7924.17307    2.05737    5.28266    1.50706]
Gen: 396, Best: 0.9993117687543016
[   4.00000 7924.17307    2.05737    5.28266    1.50706]
Gen: 397, Best: 0.9993117687543016
[   4.00000 7924.17307    2.05737    5.28266    1.50706]
Gen: 398, Best: 0.9993117687543016
[   4.00000 7924.17307    2.05737    5.28266    1.50706]
Gen: 399, Best: 0.9993117687543016
[   4.00000 7924.17307    2.05737    5.28266    1.50706]
Gen: 400, Best: 0.9993117687543016
[   4.00000 7924.17307    2.05737    5.28266    1.50706]
Gen: 401, Best: 0.9993117687543016
[   4.00000 7924.17307    2.05737    5.28266    1.50706]
Gen: 402, Best: 0.9993117687543016
[   4.00000 7924.17307    2.05737    5.28266    1.50706]
Gen: 403, Best: 0.9993117687543016
[   4.00000 7924.17307    2.05737    5.28266    1.50706]
Gen: 404, Best: 0.9993117687543016
[   4.00000 7924.17307    2.05737    5.28266    1.50706]
Gen: 405, Best: 0.9993117687543016
[   4.00000 7924.17307    2.05737    5.28266    1.50706]
Gen: 406, Best: 0.9993117687543016
[   4.00000 7924.17307    2.05737    5.28266    1.50706]
Gen: 407, Best: 0.9993117687543016
[   4.00000 7924.17307    2.05737    5.28266    1.50706]
Gen: 408, Best: 0.9993117687543016
[   4.00000 7924.17307    2.05737    5.28266    1.50706]
Gen: 409, Best: 0.9993117687543016
[   4.00000 7924.17307    2.05737    5.28266    1.50706]
Gen: 410, Best: 0.9993117687543016
[   4.00000 7924.17307    2.05737    5.28266    1.50706]
Gen: 411, Best: 0.9993117687543016
[   4.00000 7924.17307    2.05737    5.28266    1.50706]
Gen: 412, Best: 0.9993117687543016
[   4.00000 7924.17307    2.05737    5.28266    1.50706]
Gen: 413, Best: 0.9993117687543016
[   4.00000 7924.17307    2.05737    5.28266    1.50706]
Gen: 414, Best: 0.9993117687543016
[   4.00000 7924.17307    2.05737    5.28266    1.50706]
Gen: 415, Best: 0.9993117687543016
[   4.00000 7924.17307    2.05737    5.28266    1.50706]
Gen: 416, Best: 0.9993117687543016
[   4.00000 7924.17307    2.05737    5.28266    1.50706]
Gen: 417, Best: 0.9993117687543016
[   4.00000 7924.17307    2.05737    5.28266    1.50706]
Gen: 418, Best: 0.9993117687543016
[   4.00000 7924.17307    2.05737    5.28266    1.50706]
Gen: 419, Best: 0.9993117687543016
[   4.00000 7924.17307    2.05737    5.28266    1.50706]
Gen: 420, Best: 0.9993117687543016
[   4.00000 7924.17307    2.05737    5.28266    1.50706]
Gen: 421, Best: 0.9993117687543016
[   4.00000 7924.17307    2.05737    5.28266    1.50706]
Gen: 422, Best: 0.9993117687543016
[   4.00000 7924.17307    2.05737    5.28266    1.50706]
Gen: 423, Best: 0.9993117687543016
[   4.00000 7924.17307    2.05737    5.28266    1.50706]
Gen: 424, Best: 0.9993117687543016
[   4.00000 7924.17307    2.05737    5.28266    1.50706]
Gen: 425, Best: 0.9993117687543016
[   4.00000 7924.17307    2.05737    5.28266    1.50706]
Gen: 426, Best: 0.9993117687543016
[   4.00000 7924.17307    2.05737    5.28266    1.50706]
Gen: 427, Best: 0.9993117687543016
[   4.00000 7924.17307    2.05737    5.28266    1.50706]
Gen: 428, Best: 0.9993117687543016
[   4.00000 7924.17307    2.05737    5.28266    1.50706]
Gen: 429, Best: 0.9993117687543016
[   4.00000 7924.17307    2.05737    5.28266    1.50706]
Gen: 430, Best: 0.9993117687543016
[   4.00000 7924.17307    2.05737    5.28266    1.50706]
Gen: 431, Best: 0.9993117687543016
[   4.00000 7924.17307    2.05737    5.28266    1.50706]
Gen: 432, Best: 0.9993117687543016
[   4.00000 7924.17307    2.05737    5.28266    1.50706]
Gen: 433, Best: 0.9993117687543016
[   4.00000 7924.17307    2.05737    5.28266    1.50706]
Gen: 434, Best: 0.9993117687543016
[    1.00000 27075.82693    29.94263    -5.28266     2.49294]
Gen: 435, Best: 0.9993117687543016
[    1.00000 27075.82693    29.94263    -5.28266     2.49294]
Gen: 436, Best: 0.9993117687543016
[    1.00000 27075.82693    29.94263    -5.28266     2.49294]
Gen: 437, Best: 0.9993117687543016
[    1.00000 27075.82693    29.94263    -5.28266     2.49294]
Gen: 438, Best: 0.9993117687543016
[    1.00000 27075.82693    29.94263    -5.28266     2.49294]
Gen: 439, Best: 0.9993117687543016
[    1.00000 27075.82693    29.94263    -5.28266     2.49294]
Gen: 440, Best: 0.9993117687543016
[    1.00000 27075.82693    29.94263    -5.28266     2.49294]
Gen: 441, Best: 0.9993117687543016
[    1.00000 27075.82693    29.94263    -5.28266     2.49294]
Gen: 442, Best: 0.9993117687543016
[    1.00000 27075.82693    29.94263    -5.28266     2.49294]
Gen: 443, Best: 0.9993117687543016
[    1.00000 27075.82693    29.94263    -5.28266     2.49294]
Gen: 444, Best: 0.9993117687543016
[    1.00000 27075.82693    29.94263    -5.28266     2.49294]
Gen: 445, Best: 0.9993117687543016
[    1.00000 27075.82693    29.94263    -5.28266     2.49294]
Gen: 446, Best: 0.9993117687543016
[    1.00000 27075.82693    29.94263    -5.28266     2.49294]
Gen: 447, Best: 0.9993117687543016
[    1.00000 27075.82693    29.94263    -5.28266     2.49294]
Gen: 448, Best: 0.9993117687543016
[    1.00000 27075.82693    29.94263    -5.28266     2.49294]
Gen: 449, Best: 0.9993117687543016
[    1.00000 27075.82693    29.94263    -5.28266     2.49294]
Gen: 450, Best: 0.9993117687543016
[    1.00000 27075.82693    29.94263    -5.28266     2.49294]
Gen: 451, Best: 0.9993117687543016
[    1.00000 27075.82693    29.94263    -5.28266     2.49294]
Gen: 452, Best: 0.9993117687543016
[    1.00000 27075.82693    29.94263    -5.28266     2.49294]
Gen: 453, Best: 0.9993117687543016
[    1.00000 32865.17068    29.94263    -5.28266     2.49294]
Gen: 454, Best: 0.9993117687543016
[    1.00000 32865.17068    29.94263    -5.28266     2.49294]
Gen: 455, Best: 0.9993117687543016
[    1.00000 32865.17068    29.94263    -5.28266     2.49294]
Gen: 456, Best: 0.9993117687543016
[    1.00000 32865.17068    29.94263    -5.28266     2.49294]
Gen: 457, Best: 0.9993117687543016
[    1.00000 32865.17068    29.94263    -5.28266     2.49294]
Gen: 458, Best: 0.9993117687543016
[    1.00000 32865.17068    29.94263    -5.28266     2.49294]
Gen: 459, Best: 0.9993117687543016
[    1.00000 32865.17068    29.94263    -5.28266     2.49294]
Gen: 460, Best: 0.9993117687543016
[    1.00000 32865.17068    29.94263    -5.28266     2.49294]
Gen: 461, Best: 0.9993117687543016
[    1.00000 32865.17068    29.94263    -5.28266     2.49294]
Gen: 462, Best: 0.9993117687543016
[    1.00000 32865.17068    29.94263    -5.28266     2.49294]
Gen: 463, Best: 0.9993117687543016
[    1.00000 32865.17068    29.94263    -5.28266     2.49294]
Gen: 464, Best: 0.9993117687543016
[    1.00000 32865.17068    29.94263    -5.28266     2.49294]
Gen: 465, Best: 0.9993117687543016
[    1.00000 32865.17068    29.94263    -5.28266     2.49294]
Gen: 466, Best: 0.9993117687543016
[    1.00000 32865.17068    29.94263    -5.28266     2.49294]
Gen: 467, Best: 0.9993117687543016
[    1.00000 32865.17068    29.94263    -5.28266     2.49294]
Gen: 468, Best: 0.9993117687543016
[    1.00000 32865.17068    29.94263    -5.28266     2.49294]
Gen: 469, Best: 0.9993117687543016
[    1.00000 32865.17068    29.94263    -5.28266     2.49294]
Gen: 470, Best: 0.9993117687543016
[    1.00000 32865.17068    29.94263    -5.28266     2.49294]
Gen: 471, Best: 0.9993117687543016
[    1.00000 32865.17068    29.94263    -5.28266     2.49294]
Gen: 472, Best: 0.9993117687543016
[    1.00000 32865.17068    29.94263    -5.28266     2.49294]
Gen: 473, Best: 0.9993117687543016
[    1.00000 32865.17068    29.94263    -5.28266     2.49294]
Gen: 474, Best: 0.9993117687543016
[    1.00000 32865.17068    29.94263    -5.28266     2.49294]
Gen: 475, Best: 0.9993117687543016
[    1.00000 32865.17068    29.94263    -5.28266     2.49294]
Gen: 476, Best: 0.9993117687543016
[    1.00000 32865.17068    29.94263    -5.28266     2.49294]
Gen: 477, Best: 0.9993117687543016
[    1.00000 32865.17068    29.94263    -5.28266     2.49294]
Gen: 478, Best: 0.9993117687543016
[    1.00000 32865.17068    29.94263    -5.28266     2.49294]
Gen: 479, Best: 0.9993117687543016
[    1.00000 32865.17068    29.94263    -5.28266     2.49294]
Gen: 480, Best: 0.9993117687543016
[    1.00000 32865.17068    29.94263    -5.28266     2.49294]
Gen: 481, Best: 0.9993117687543016
[    1.00000 32865.17068    29.94263    -5.28266     2.49294]
Gen: 482, Best: 0.9993117687543016
[    1.00000 32865.17068    29.94263    -5.28266     2.49294]
Gen: 483, Best: 0.9993117687543016
[    1.00000 32865.17068    29.94263    -5.28266     2.49294]
Gen: 484, Best: 0.9993117687543016
[    1.00000 32865.17068    29.94263    -5.28266     2.49294]
Gen: 485, Best: 0.9993117687543016
[    1.00000 32865.17068    29.94263    -5.28266     2.49294]
Gen: 486, Best: 0.9993117687543016
[    1.00000 32865.17068    29.94263    -5.28266     2.49294]
Gen: 487, Best: 0.9993117687543016
[    1.00000 32865.17068    29.94263    -5.28266     2.49294]
Gen: 488, Best: 0.9993117687543016
[    1.00000 32865.17068    29.94263    -5.28266     2.49294]
Gen: 489, Best: 0.9993117687543016
[    1.00000 32865.17068    29.94263    -5.28266     2.49294]
Gen: 490, Best: 0.9993117687543016
[    1.00000 32865.17068    29.94263    -5.28266     2.49294]
Gen: 491, Best: 0.9993117687543016
[    1.00000 32865.17068    29.94263    -5.28266     2.49294]
Gen: 492, Best: 0.9993117687543016
[    1.00000 32865.17068    29.94263    -5.28266     2.49294]
Gen: 493, Best: 0.9993117687543016
[    1.00000 32865.17068    29.94263    -5.28266     2.49294]
Gen: 494, Best: 0.9993117687543016
[    1.00000 32865.17068    29.94263    -5.28266     2.49294]
Gen: 495, Best: 0.9993117687543016
[    1.00000 32865.17068    29.94263    -5.28266     2.49294]
Gen: 496, Best: 0.9993117687543016
[    1.00000 32865.17068    29.94263    -5.28266     2.49294]
Gen: 497, Best: 0.9993117687543016
[    1.00000 32865.17068    29.94263    -5.28266     2.49294]
Gen: 498, Best: 0.9993117687543016
[    1.00000 32865.17068    29.94263    -5.28266     2.49294]
Gen: 499, Best: 0.9993117687543016
[    1.00000 32865.17068    29.94263    -5.28266     2.49294]
Gen: 500, Best: 0.9993117687543016
[    1.00000 32865.17068    29.94263    -5.28266     2.49294]
Best Solution: [    1.00000 32865.17068    29.94263    -5.28266     2.49294]
Best Fitness: 0.9985223270312944
default Fitness: 0.9983603902676005
実行時間: 48461.3331秒
SVMの実行時間: 48460.7031秒
評価値:0.9993  [  2.00000 396.75985   0.41965  -4.93105   1.52982]
評価値:0.9989  [   4.00000 5002.94665    0.98315    0.64020    1.69265]
評価値:0.9987  [    2.00000 15653.67157     1.57325    -2.77942     1.28896]
評価値:0.9978  [    2.00000 34103.83668    13.55661    -9.62179     1.00000]
評価値:0.9987  [    4.00000 34821.57535    31.47351     2.11386     2.92969]
評価値:0.9989  [    4.00000 27647.66832    26.66962    10.00000     2.27869]
評価値:0.9987  [    1.00000 12069.79157    10.61943    -7.10424     1.06718]
評価値:0.9988  [    4.00000 16380.32544    31.57859    -4.90806     2.18293]
評価値:0.9986  [    1.00000 32626.75735    11.24029    -4.88711     2.04969]
評価値:0.9986  [    1.00000 32865.17068    29.94263    -5.28266     2.49294]
Best Fitness mean: 0.9985223270312944
default Fitness: 0.9983603902676005
平均実行時間: 48461.3331秒
