正規化(0で有効): 0
データセット: kdd99
打ち切り学習回数: 1.0e+07
r_range = (0, 10)
コロニーサイズ: 10
偵察バチのLIMIT: 100
サイクル数: 500
試行回数: 1
###############

1試行目

###############
初期化1 , Fitness:0.9975164058556285
[1.00000 0.36989 0.44507 0.59341 0.33315]
初期化2 , Fitness:0.9982016932371542
[4.00000 0.60766 0.36733 0.07760 0.27153]
初期化3 , Fitness:0.8293657455595475
[3.00000 0.51315 0.43496 0.05305 0.81796]
初期化4 , Fitness:0.9988273352203799
[2.00000 0.89398 0.08477 0.86632 0.12717]
初期化5 , Fitness:0.9974761241343106
[1.00000 0.66498 0.16530 0.04737 0.89683]
初期化6 , Fitness:0.997496264588297
[1.00000 0.60908 0.16704 0.26437 0.21086]
初期化7 , Fitness:0.9983630741870945
[4.00000 0.37728 0.87988 0.05514 0.54136]
初期化8 , Fitness:0.8293657455595475
[3.00000 0.30605 0.40245 0.42184 0.42841]
初期化9 , Fitness:0.9978790878057648
[2.00000 0.00577 0.54183 0.15742 0.02004]
初期化10 , Fitness:0.9983227240577954
[2.00000 0.94978 0.26466 0.45498 0.83317]
Gen: 1, Best: 0.99882595846322
[2.00000 0.89398 0.08477 0.86632 0.12717]
Gen: 2, Best: 0.9988866847496052
[2.00000 0.31758 0.08477 0.86632 0.12717]
Gen: 3, Best: 0.9988866847496052
[2.00000 0.31758 0.08477 0.86632 0.12717]
Gen: 4, Best: 0.9988866847496052
[2.00000 0.31758 0.08477 0.86632 0.12717]
Gen: 5, Best: 0.9988866847496052
[2.00000 0.31758 0.08477 0.86632 0.12717]
Gen: 6, Best: 0.998906926845067
[2.00000 0.31758 0.03384 0.86632 0.12717]
Gen: 7, Best: 0.9989676531314522
[2.00000 0.17033 0.03384 0.86632 0.12717]
Gen: 8, Best: 0.9989676531314522
[2.00000 0.17033 0.03384 0.86632 0.12717]
Gen: 9, Best: 0.9990891057042224
[2.00000 0.17033 0.01160 0.86632 0.12717]
Gen: 10, Best: 0.9990891057042224
[2.00000 0.17033 0.01160 0.86632 0.12717]
Gen: 11, Best: 0.9990891057042224
[2.00000 0.17033 0.01160 0.86632 0.12717]
Gen: 12, Best: 0.999129589895146
[4.00000 0.04077 0.01382 0.09011 0.27153]
Gen: 13, Best: 0.999129589895146
[4.00000 0.04077 0.01382 0.09011 0.27153]
Gen: 14, Best: 0.999129589895146
[4.00000 0.04077 0.01382 0.09011 0.27153]
Gen: 15, Best: 0.999129589895146
[4.00000 0.04077 0.01382 0.09011 0.27153]
Gen: 16, Best: 0.999129589895146
[4.00000 0.04077 0.01382 0.09011 0.27153]
Gen: 17, Best: 0.999129589895146
[4.00000 0.04077 0.01382 0.09011 0.27153]
Gen: 18, Best: 0.999129589895146
[4.00000 0.04077 0.01382 0.09011 0.27153]
Gen: 19, Best: 0.999129589895146
[4.00000 0.04077 0.01382 0.09011 0.27153]
Gen: 20, Best: 0.999129589895146
[4.00000 0.04077 0.01382 0.09011 0.27153]
Gen: 21, Best: 0.999129589895146
[4.00000 0.04077 0.01382 0.09011 0.27153]
Gen: 22, Best: 0.999129589895146
[4.00000 0.04077 0.01382 0.09011 0.27153]
Gen: 23, Best: 0.9991498319906076
[2.00000 0.17033 0.00295 0.86632 0.12717]
Gen: 24, Best: 0.9991498319906076
[2.00000 0.17033 0.00295 0.86632 0.12717]
Gen: 25, Best: 0.9991903161815312
[2.00000 0.06870 0.00295 0.86632 0.12717]
Gen: 26, Best: 0.9991903161815312
[2.00000 0.06870 0.00295 0.86632 0.12717]
Gen: 27, Best: 0.9991903161815312
[2.00000 0.06870 0.00295 0.86632 0.12717]
Gen: 28, Best: 0.9991903161815312
[2.00000 0.06870 0.00295 0.86632 0.12717]
Gen: 29, Best: 0.9991903161815312
[2.00000 0.06870 0.00295 0.86632 0.12717]
Gen: 30, Best: 0.9991903161815312
[2.00000 0.06870 0.00295 0.86632 0.12717]
Gen: 31, Best: 0.9991903161815312
[2.00000 0.06870 0.00295 0.86632 0.12717]
Gen: 32, Best: 0.9991903161815312
[2.00000 0.06870 0.00295 0.86632 0.12717]
Gen: 33, Best: 0.9991903161815312
[2.00000 0.06870 0.00295 0.86632 0.12717]
Gen: 34, Best: 0.9991903161815312
[2.00000 0.06870 0.00295 0.86632 0.12717]
Gen: 35, Best: 0.9991903161815312
[2.00000 0.06870 0.00295 0.86632 0.12717]
Gen: 36, Best: 0.9991903161815312
[2.00000 0.06870 0.00295 0.86632 0.12717]
Gen: 37, Best: 0.9991903161815312
[2.00000 0.06870 0.00295 0.86632 0.12717]
Gen: 38, Best: 0.9991903161815312
[2.00000 0.06870 0.00295 0.86632 0.12717]
Gen: 39, Best: 0.9991903161815312
[2.00000 0.06870 0.00295 0.86632 0.12717]
Gen: 40, Best: 0.9991903161815312
[2.00000 0.06870 0.00295 0.86632 0.12717]
Gen: 41, Best: 0.9991903161815312
[2.00000 0.06870 0.00295 0.86632 0.12717]
Gen: 42, Best: 0.9991903161815312
[2.00000 0.06870 0.00295 0.86632 0.12717]
Gen: 43, Best: 0.9991903161815312
[2.00000 0.06870 0.00295 0.86632 0.12717]
Gen: 44, Best: 0.9991903161815312
[2.00000 0.06870 0.00295 0.86632 0.12717]
Gen: 45, Best: 0.9991903161815312
[2.00000 0.06870 0.00295 0.86632 0.12717]
Gen: 46, Best: 0.9991903161815312
[2.00000 0.06870 0.00295 0.86632 0.12717]
Gen: 47, Best: 0.9991903161815312
[2.00000 0.06870 0.00295 0.86632 0.12717]
Gen: 48, Best: 0.9991903161815312
[2.00000 0.06870 0.00295 0.86632 0.12717]
Gen: 49, Best: 0.999271284563378
[2.00000 0.00426 0.01475 0.45498 0.83317]
Gen: 50, Best: 0.999271284563378
[2.00000 0.00426 0.01475 0.45498 0.83317]
Gen: 51, Best: 0.999271284563378
[2.00000 0.00426 0.01475 0.45498 0.83317]
Gen: 52, Best: 0.999271284563378
[2.00000 0.00426 0.01475 0.45498 0.83317]
Gen: 53, Best: 0.999271284563378
[2.00000 0.00426 0.01475 0.45498 0.83317]
Gen: 54, Best: 0.999271284563378
[2.00000 0.00426 0.01475 0.45498 0.83317]
Gen: 55, Best: 0.999271284563378
[2.00000 0.00426 0.01475 0.45498 0.83317]
Gen: 56, Best: 0.999271284563378
[2.00000 0.00426 0.01475 0.45498 0.83317]
Gen: 57, Best: 0.999271284563378
[2.00000 0.00426 0.01475 0.45498 0.83317]
Gen: 58, Best: 0.999271284563378
[2.00000 0.00426 0.01475 0.45498 0.83317]
Gen: 59, Best: 0.999271284563378
[2.00000 0.00426 0.01475 0.45498 0.83317]
Gen: 60, Best: 0.999271284563378
[2.00000 0.00426 0.01475 0.45498 0.83317]
Gen: 61, Best: 0.999271284563378
[2.00000 0.00426 0.01475 0.45498 0.83317]
Gen: 62, Best: 0.999271284563378
[2.00000 0.00426 0.01475 0.45498 0.83317]
Gen: 63, Best: 0.999271284563378
[2.00000 0.00426 0.01475 0.45498 0.83317]
Gen: 64, Best: 0.999271284563378
[2.00000 0.00426 0.01475 0.45498 0.83317]
Gen: 65, Best: 0.9993117687543016
[2.00000 0.01290 0.01475 0.45498 0.83317]
Gen: 66, Best: 0.9993117687543016
[2.00000 0.01290 0.01475 0.45498 0.83317]
Gen: 67, Best: 0.9993117687543016
[2.00000 0.01290 0.01475 0.45498 0.83317]
Gen: 68, Best: 0.9993117687543016
[2.00000 0.01290 0.01475 0.45498 0.83317]
Gen: 69, Best: 0.9993117687543016
[2.00000 0.01290 0.01475 0.45498 0.83317]
Gen: 70, Best: 0.9993117687543016
[2.00000 0.01290 0.01475 0.45498 0.83317]
Gen: 71, Best: 0.9993117687543016
[2.00000 0.01290 0.01475 0.45498 0.83317]
Gen: 72, Best: 0.9993117687543016
[2.00000 0.01290 0.01475 0.45498 0.83317]
Gen: 73, Best: 0.9993117687543016
[2.00000 0.01290 0.01475 0.45498 0.83317]
Gen: 74, Best: 0.9993117687543016
[2.00000 0.01290 0.01475 0.45498 0.83317]
Gen: 75, Best: 0.9993117687543016
[2.00000 0.01290 0.01475 0.45498 0.83317]
Gen: 76, Best: 0.9993117687543016
[2.00000 0.01290 0.01475 0.45498 0.83317]
Gen: 77, Best: 0.9993117687543016
[2.00000 0.01290 0.01475 0.45498 0.83317]
Gen: 78, Best: 0.9993117687543016
[2.00000 0.01290 0.01475 0.45498 0.83317]
Gen: 79, Best: 0.9993117687543016
[2.00000 0.01290 0.01475 0.45498 0.83317]
Gen: 80, Best: 0.9993117687543016
[2.00000 0.01290 0.01475 0.45498 0.83317]
Gen: 81, Best: 0.9993117687543016
[2.00000 0.01290 0.01475 0.45498 0.83317]
Gen: 82, Best: 0.9993117687543016
[2.00000 0.01290 0.01475 0.45498 0.83317]
Gen: 83, Best: 0.9993117687543016
[2.00000 0.01290 0.01475 0.45498 0.83317]
Gen: 84, Best: 0.9993117687543016
[2.00000 0.01290 0.01475 0.45498 0.83317]
Gen: 85, Best: 0.9993320108497632
[2.00000 0.01290 0.01530 0.45498 0.83317]
Gen: 86, Best: 0.9993320108497632
[2.00000 0.01290 0.01530 0.45498 0.83317]
Gen: 87, Best: 0.9993320108497632
[2.00000 0.01290 0.01530 0.45498 0.83317]
Gen: 88, Best: 0.9993320108497632
[2.00000 0.01290 0.01530 0.45498 0.83317]
Gen: 89, Best: 0.9993320108497632
[2.00000 0.01290 0.01530 0.45498 0.83317]
Gen: 90, Best: 0.9993320108497632
[2.00000 0.01290 0.01530 0.45498 0.83317]
Gen: 91, Best: 0.9993320108497632
[2.00000 0.01290 0.01530 0.45498 0.83317]
Gen: 92, Best: 0.9993320108497632
[2.00000 0.01290 0.01530 0.45498 0.83317]
Gen: 93, Best: 0.9993320108497632
[2.00000 0.01290 0.01530 0.45498 0.83317]
Gen: 94, Best: 0.9993320108497632
[2.00000 0.01290 0.01530 0.45498 0.83317]
Gen: 95, Best: 0.9993320108497632
[2.00000 0.01290 0.01530 0.45498 0.83317]
Gen: 96, Best: 0.9993320108497632
[2.00000 0.01290 0.01530 0.45498 0.83317]
Gen: 97, Best: 0.9993320108497632
[2.00000 0.01290 0.01530 0.45498 0.83317]
Gen: 98, Best: 0.9993320108497632
[2.00000 0.01290 0.01530 0.45498 0.83317]
Gen: 99, Best: 0.9993320108497632
[2.00000 0.01290 0.01530 0.45498 0.83317]
Gen: 100, Best: 0.9993320108497632
[2.00000 0.01290 0.01530 0.45498 0.83317]
Gen: 101, Best: 0.9993320108497632
[2.00000 0.01290 0.01530 0.45498 0.83317]
Gen: 102, Best: 0.9993320108497632
[2.00000 0.01290 0.01530 0.45498 0.83317]
Gen: 103, Best: 0.9993320108497632
[2.00000 0.01290 0.01530 0.45498 0.83317]
Gen: 104, Best: 0.9993320108497632
[2.00000 0.01290 0.01530 0.45498 0.83317]
Gen: 105, Best: 0.9993320108497632
[2.00000 0.01290 0.01530 0.45498 0.83317]
Gen: 106, Best: 0.9993320108497632
[2.00000 0.01290 0.01530 0.45498 0.83317]
Gen: 107, Best: 0.9993320108497632
[2.00000 0.01290 0.01530 0.45498 0.83317]
Gen: 108, Best: 0.9993320108497632
[2.00000 0.01290 0.01530 0.45498 0.83317]
Gen: 109, Best: 0.9993320108497632
[2.00000 0.01290 0.01530 0.45498 0.83317]
Gen: 110, Best: 0.9993320108497632
[2.00000 0.01290 0.01530 0.45498 0.83317]
Gen: 111, Best: 0.9993320108497632
[2.00000 0.01290 0.01530 0.45498 0.83317]
Gen: 112, Best: 0.9993320108497632
[2.00000 0.01290 0.01530 0.45498 0.83317]
Gen: 113, Best: 0.9993320108497632
[2.00000 0.01290 0.01530 0.45498 0.83317]
Gen: 114, Best: 0.9993320108497632
[2.00000 0.01290 0.01530 0.45498 0.83317]
Gen: 115, Best: 0.9993320108497632
[2.00000 0.01290 0.01530 0.45498 0.83317]
Gen: 116, Best: 0.9993320108497632
[2.00000 0.01290 0.01530 0.45498 0.83317]
Gen: 117, Best: 0.9993320108497632
[2.00000 0.01290 0.01530 0.45498 0.83317]
Gen: 118, Best: 0.9993320108497632
[2.00000 0.01290 0.01530 0.45498 0.83317]
Gen: 119, Best: 0.9993320108497632
[2.00000 0.01290 0.01530 0.45498 0.83317]
Gen: 120, Best: 0.9993320108497632
[2.00000 0.01290 0.01530 0.45498 0.83317]
Gen: 121, Best: 0.9993320108497632
[2.00000 0.01290 0.01530 0.45498 0.83317]
Gen: 122, Best: 0.9993320108497632
[2.00000 0.01290 0.01530 0.45498 0.83317]
Gen: 123, Best: 0.9993320108497632
[2.00000 0.01290 0.01530 0.45498 0.83317]
Gen: 124, Best: 0.9993320108497632
[2.00000 0.01290 0.01530 0.45498 0.83317]
Gen: 125, Best: 0.9993320108497632
[2.00000 0.01290 0.01530 0.45498 0.83317]
Gen: 126, Best: 0.9993320108497632
[2.00000 0.01290 0.01530 0.45498 0.83317]
Gen: 127, Best: 0.9993320108497632
[2.00000 0.01290 0.01530 0.45498 0.83317]
Gen: 128, Best: 0.9993320108497632
[2.00000 0.01290 0.01530 0.45498 0.83317]
Gen: 129, Best: 0.9993320108497632
[2.00000 0.01290 0.01530 0.45498 0.83317]
Gen: 130, Best: 0.9993320108497632
[2.00000 0.01290 0.01530 0.45498 0.83317]
Gen: 131, Best: 0.9993320108497632
[1.00000 0.17057 0.62631 0.66824 0.41420]
Gen: 132, Best: 0.9993320108497632
[1.00000 0.17057 0.62631 0.66824 0.41420]
Gen: 133, Best: 0.9993320108497632
[2.00000 0.17057 0.62631 0.66824 0.41420]
Gen: 134, Best: 0.9993320108497632
[2.00000 0.17057 0.62631 0.66824 0.41420]
Gen: 135, Best: 0.9993320108497632
[2.00000 0.17057 0.62631 0.66824 0.41420]
Gen: 136, Best: 0.9993320108497632
[2.00000 0.17057 0.62631 0.66824 0.41420]
Gen: 137, Best: 0.9993320108497632
[2.00000 0.01759 0.62631 0.66824 0.41420]
Gen: 138, Best: 0.9993320108497632
[2.00000 0.01759 0.62631 0.66824 0.41420]
Gen: 139, Best: 0.9993320108497632
[2.00000 0.01759 0.04158 0.66824 0.41420]
Gen: 140, Best: 0.9993320108497632
[2.00000 0.01759 0.03514 0.66824 0.41420]
Gen: 141, Best: 0.9993320108497632
[2.00000 0.01759 0.02038 0.66824 0.41420]
Gen: 142, Best: 0.9993320108497632
[2.00000 0.01759 0.02038 0.66824 0.41420]
Gen: 143, Best: 0.9993320108497632
[2.00000 0.02098 0.02038 0.66824 0.41420]
Gen: 144, Best: 0.9993320108497632
[2.00000 0.02098 0.02038 0.66824 0.41420]
Gen: 145, Best: 0.9993320108497632
[2.00000 0.02098 0.02038 0.66824 0.41420]
Gen: 146, Best: 0.9993320108497632
[2.00000 0.02098 0.02038 0.66824 0.41420]
Gen: 147, Best: 0.9993320108497632
[2.00000 0.02098 0.01072 0.66824 0.41420]
Gen: 148, Best: 0.9993320108497632
[2.00000 0.02098 0.01072 0.66824 0.41420]
Gen: 149, Best: 0.9993320108497632
[2.00000 0.02098 0.01072 0.66824 0.41420]
Gen: 150, Best: 0.9993320108497632
[2.00000 0.02098 0.01072 0.66824 0.41420]
Gen: 151, Best: 0.9993320108497632
[2.00000 0.02098 0.01072 0.66824 0.41420]
Gen: 152, Best: 0.9993320108497632
[2.00000 0.02098 0.01072 0.66824 0.41420]
Gen: 153, Best: 0.9993320108497632
[2.00000 0.02098 0.01072 0.66824 0.41420]
Gen: 154, Best: 0.9993320108497632
[2.00000 0.02098 0.01072 0.66824 0.41420]
Gen: 155, Best: 0.9993320108497632
[2.00000 0.02098 0.01545 0.66824 0.41420]
Gen: 156, Best: 0.9993320108497632
[2.00000 0.02098 0.01545 0.66824 0.41420]
Gen: 157, Best: 0.9993320108497632
[2.00000 0.02098 0.01545 0.66824 0.41420]
Gen: 158, Best: 0.9993320108497632
[2.00000 0.01024 0.01545 0.66824 0.41420]
Gen: 159, Best: 0.9993320108497632
[2.00000 0.01024 0.01545 0.66824 0.41420]
Gen: 160, Best: 0.9993320108497632
[2.00000 0.01024 0.01545 0.66824 0.41420]
Gen: 161, Best: 0.9993320108497632
[2.00000 0.01024 0.01545 0.66824 0.41420]
Gen: 162, Best: 0.9993320108497632
[2.00000 0.01024 0.01545 0.66824 0.41420]
Gen: 163, Best: 0.9993320108497632
[2.00000 0.01024 0.01545 0.66824 0.41420]
Gen: 164, Best: 0.9993320108497632
[2.00000 0.01024 0.01545 0.66824 0.41420]
Gen: 165, Best: 0.9993320108497632
[2.00000 0.01024 0.01545 0.66824 0.41420]
Gen: 166, Best: 0.9993320108497632
[2.00000 0.01200 0.01545 0.66824 0.41420]
Gen: 167, Best: 0.9993320108497632
[2.00000 0.01200 0.01545 0.66824 0.41420]
Gen: 168, Best: 0.9993320108497632
[2.00000 0.01200 0.01545 0.66824 0.41420]
Gen: 169, Best: 0.9993320108497632
[2.00000 0.01200 0.01545 0.66824 0.41420]
Gen: 170, Best: 0.9993320108497632
[2.00000 0.01200 0.01545 0.66824 0.41420]
Gen: 171, Best: 0.9993320108497632
[2.00000 0.01200 0.01545 0.66824 0.41420]
Gen: 172, Best: 0.9993320108497632
[2.00000 0.01200 0.01545 0.66824 0.41420]
Gen: 173, Best: 0.9993320108497632
[2.00000 0.01200 0.01545 0.66824 0.41420]
Gen: 174, Best: 0.9993320108497632
[2.00000 0.01200 0.01545 0.66824 0.41420]
Gen: 175, Best: 0.9993320108497632
[2.00000 0.01200 0.01545 0.66824 0.41420]
Gen: 176, Best: 0.9993320108497632
[2.00000 0.01200 0.01545 0.66824 0.41420]
Gen: 177, Best: 0.9993320108497632
[2.00000 0.01200 0.01545 0.66824 0.41420]
Gen: 178, Best: 0.9993320108497632
[2.00000 0.01200 0.01545 0.66824 0.41420]
Gen: 179, Best: 0.9993320108497632
[2.00000 0.01200 0.01545 0.66824 0.41420]
Gen: 180, Best: 0.9993320108497632
[2.00000 0.01200 0.01545 0.66824 0.41420]
Gen: 181, Best: 0.9993320108497632
[2.00000 0.01200 0.01545 0.66824 0.41420]
Gen: 182, Best: 0.9993320108497632
[2.00000 0.01200 0.01545 0.66824 0.41420]
Gen: 183, Best: 0.9993320108497632
[2.00000 0.01200 0.01545 0.66824 0.41420]
Gen: 184, Best: 0.9993320108497632
[2.00000 0.01200 0.01545 0.66824 0.41420]
Gen: 185, Best: 0.9993320108497632
[2.00000 0.01200 0.01545 0.66824 0.41420]
Gen: 186, Best: 0.9993320108497632
[2.00000 0.01200 0.01545 0.66824 0.41420]
Gen: 187, Best: 0.9993320108497632
[2.00000 0.01200 0.01545 0.66824 0.41420]
Gen: 188, Best: 0.9993320108497632
[2.00000 0.01200 0.01545 0.66824 0.41420]
Gen: 189, Best: 0.9993320108497632
[2.00000 0.01200 0.01545 0.66824 0.41420]
Gen: 190, Best: 0.9993320108497632
[2.00000 0.01200 0.01545 0.66824 0.41420]
Gen: 191, Best: 0.9993320108497632
[2.00000 0.01200 0.01545 0.66824 0.41420]
Gen: 192, Best: 0.9993320108497632
[2.00000 0.01200 0.01545 0.66824 0.41420]
Gen: 193, Best: 0.9993320108497632
[2.00000 0.01200 0.01545 0.66824 0.41420]
Gen: 194, Best: 0.9993320108497632
[2.00000 0.01200 0.01545 0.66824 0.41420]
Gen: 195, Best: 0.9993320108497632
[2.00000 0.01200 0.01545 0.66824 0.41420]
Gen: 196, Best: 0.9993320108497632
[2.00000 0.01200 0.01545 0.66824 0.41420]
Gen: 197, Best: 0.9993320108497632
[2.00000 0.01200 0.01545 0.66824 0.41420]
Gen: 198, Best: 0.9993320108497632
[2.00000 0.01200 0.01545 0.66824 0.41420]
Gen: 199, Best: 0.9993320108497632
[2.00000 0.01200 0.01545 0.66824 0.41420]
Gen: 200, Best: 0.9993320108497632
[2.00000 0.01200 0.01545 0.66824 0.41420]
Gen: 201, Best: 0.9993320108497632
[2.00000 0.01200 0.01545 0.66824 0.41420]
Gen: 202, Best: 0.9993320108497632
[2.00000 0.01200 0.01545 0.66824 0.41420]
Gen: 203, Best: 0.9993320108497632
[2.00000 0.01200 0.01545 0.66824 0.41420]
Gen: 204, Best: 0.9993320108497632
[2.00000 0.01200 0.01545 0.66824 0.41420]
Gen: 205, Best: 0.9993320108497632
[2.00000 0.01200 0.01545 0.66824 0.41420]
Gen: 206, Best: 0.9993320108497632
[2.00000 0.01200 0.01545 0.66824 0.41420]
Gen: 207, Best: 0.9993320108497632
[2.00000 0.01200 0.01545 0.66824 0.41420]
Gen: 208, Best: 0.9993320108497632
[2.00000 0.01200 0.01545 0.66824 0.41420]
Gen: 209, Best: 0.9993320108497632
[2.00000 0.01200 0.01545 0.66824 0.41420]
Gen: 210, Best: 0.9993320108497632
[2.00000 0.01200 0.01545 0.66824 0.41420]
Gen: 211, Best: 0.9993320108497632
[3.00000 0.68310 0.00870 0.53272 0.58835]
Gen: 212, Best: 0.9993320108497632
[3.00000 0.68310 0.00870 0.53272 0.58835]
Gen: 213, Best: 0.9993320108497632
[3.00000 0.68310 0.00870 0.53272 0.58835]
Gen: 214, Best: 0.9993320108497632
[2.00000 0.68310 0.00870 0.53272 0.58835]
Gen: 215, Best: 0.9993320108497632
[2.00000 0.45787 0.00870 0.53272 0.58835]
Gen: 216, Best: 0.9993320108497632
[2.00000 0.45787 0.00870 0.53272 0.58835]
Gen: 217, Best: 0.9993320108497632
[2.00000 0.45787 0.00391 0.53272 0.58835]
Gen: 218, Best: 0.9993320108497632
[2.00000 0.45787 0.00391 0.53272 0.58835]
Gen: 219, Best: 0.9993320108497632
[2.00000 0.17428 0.00391 0.53272 0.58835]
Gen: 220, Best: 0.9993320108497632
[2.00000 0.17428 0.00391 0.53272 0.58835]
Gen: 221, Best: 0.9993320108497632
[2.00000 0.15630 0.00391 0.53272 0.58835]
Gen: 222, Best: 0.9993320108497632
[2.00000 0.15630 0.00391 0.53272 0.58835]
Gen: 223, Best: 0.9993320108497632
[2.00000 0.15630 0.00391 0.53272 0.58835]
Gen: 224, Best: 0.9993320108497632
[2.00000 0.15630 0.00391 0.53272 0.58835]
Gen: 225, Best: 0.9993320108497632
[2.00000 0.15630 0.00391 0.53272 0.58835]
Gen: 226, Best: 0.9993320108497632
[2.00000 0.15630 0.00356 0.53272 0.58835]
Gen: 227, Best: 0.9993320108497632
[2.00000 0.15630 0.00356 0.53272 0.58835]
Gen: 228, Best: 0.9993320108497632
[2.00000 0.15630 0.00356 0.53272 0.58835]
Gen: 229, Best: 0.9993320108497632
[2.00000 0.15630 0.00356 0.53272 0.58835]
Gen: 230, Best: 0.9993320108497632
[2.00000 0.15630 0.00356 0.53272 0.58835]
Gen: 231, Best: 0.9993320108497632
[2.00000 0.15630 0.00356 0.53272 0.58835]
Gen: 232, Best: 0.9993320108497632
[2.00000 0.15630 0.00356 0.53272 0.58835]
Gen: 233, Best: 0.9993320108497632
[2.00000 0.15630 0.00356 0.53272 0.58835]
Gen: 234, Best: 0.9993320108497632
[2.00000 0.15630 0.00356 0.53272 0.58835]
Gen: 235, Best: 0.9993320108497632
[2.00000 0.15630 0.00356 0.53272 0.58835]
Gen: 236, Best: 0.9993320108497632
[2.00000 0.11153 0.00356 0.53272 0.58835]
Gen: 237, Best: 0.9993320108497632
[2.00000 0.11153 0.00356 0.53272 0.58835]
Gen: 238, Best: 0.9993320108497632
[2.00000 0.05389 0.00356 0.53272 0.58835]
Gen: 239, Best: 0.9993320108497632
[2.00000 0.05389 0.00356 0.53272 0.58835]
Gen: 240, Best: 0.9993320108497632
[2.00000 0.05389 0.00356 0.53272 0.58835]
Gen: 241, Best: 0.9993320108497632
[2.00000 0.05389 0.00356 0.53272 0.58835]
Gen: 242, Best: 0.9993320108497632
[2.00000 0.05389 0.00356 0.53272 0.58835]
Gen: 243, Best: 0.9993320108497632
[2.00000 0.05389 0.00356 0.53272 0.58835]
Gen: 244, Best: 0.9993320108497632
[2.00000 0.05389 0.00356 0.53272 0.58835]
Gen: 245, Best: 0.9993320108497632
[2.00000 0.05389 0.00356 0.53272 0.58835]
Gen: 246, Best: 0.9993320108497632
[2.00000 0.05389 0.00356 0.53272 0.58835]
Gen: 247, Best: 0.9993320108497632
[2.00000 0.05389 0.00356 0.53272 0.58835]
Gen: 248, Best: 0.9993320108497632
[2.00000 0.05389 0.00356 0.53272 0.58835]
Gen: 249, Best: 0.9993320108497632
[2.00000 0.05389 0.00356 0.53272 0.58835]
Gen: 250, Best: 0.9993320108497632
[2.00000 0.05389 0.00356 0.53272 0.58835]
Gen: 251, Best: 0.9993320108497632
[2.00000 0.05389 0.00356 0.53272 0.58835]
Gen: 252, Best: 0.9993320108497632
[2.00000 0.05389 0.00356 0.53272 0.58835]
Gen: 253, Best: 0.9993320108497632
[2.00000 0.05389 0.00356 0.53272 0.58835]
Gen: 254, Best: 0.9993320108497632
[2.00000 0.05389 0.00356 0.53272 0.58835]
Gen: 255, Best: 0.9993320108497632
[2.00000 0.05389 0.00356 0.53272 0.58835]
Gen: 256, Best: 0.9993320108497632
[2.00000 0.05389 0.00356 0.53272 0.58835]
Gen: 257, Best: 0.9993320108497632
[2.00000 0.05389 0.00356 0.53272 0.58835]
Gen: 258, Best: 0.9993320108497632
[2.00000 0.05389 0.00356 0.53272 0.58835]
Gen: 259, Best: 0.9993320108497632
[2.00000 0.05389 0.00356 0.53272 0.58835]
Gen: 260, Best: 0.9993320108497632
[2.00000 0.05389 0.00356 0.53272 0.58835]
Gen: 261, Best: 0.9993320108497632
[2.00000 0.05389 0.00356 0.53272 0.58835]
Gen: 262, Best: 0.9993320108497632
[2.00000 0.05389 0.00356 0.53272 0.58835]
Gen: 263, Best: 0.9993320108497632
[2.00000 0.05389 0.00356 0.53272 0.58835]
Gen: 264, Best: 0.9993320108497632
[2.00000 0.05389 0.00356 0.53272 0.58835]
Gen: 265, Best: 0.9993320108497632
[2.00000 0.05389 0.00356 0.53272 0.58835]
Gen: 266, Best: 0.9993320108497632
[2.00000 0.05389 0.00356 0.53272 0.58835]
Gen: 267, Best: 0.9993320108497632
[2.00000 0.05389 0.00356 0.53272 0.58835]
Gen: 268, Best: 0.9993320108497632
[2.00000 0.05389 0.00356 0.53272 0.58835]
Gen: 269, Best: 0.9993320108497632
[2.00000 0.05389 0.00356 0.53272 0.58835]
Gen: 270, Best: 0.9993320108497632
[2.00000 0.05389 0.00356 0.53272 0.58835]
Gen: 271, Best: 0.9993320108497632
[2.00000 0.05389 0.00356 0.53272 0.58835]
Gen: 272, Best: 0.9993320108497632
[2.00000 0.05389 0.00356 0.53272 0.58835]
Gen: 273, Best: 0.9993320108497632
[2.00000 0.05389 0.00356 0.53272 0.58835]
Gen: 274, Best: 0.9993320108497632
[2.00000 0.05389 0.00356 0.53272 0.58835]
Gen: 275, Best: 0.9993320108497632
[2.00000 0.05389 0.00356 0.53272 0.58835]
Gen: 276, Best: 0.9993320108497632
[2.00000 0.05389 0.00356 0.53272 0.58835]
Gen: 277, Best: 0.9993320108497632
[2.00000 0.05389 0.00356 0.53272 0.58835]
Gen: 278, Best: 0.9993320108497632
[2.00000 0.05389 0.00356 0.53272 0.58835]
Gen: 279, Best: 0.9993320108497632
[2.00000 0.05389 0.00356 0.53272 0.58835]
Gen: 280, Best: 0.9993320108497632
[2.00000 0.05389 0.00356 0.53272 0.58835]
Gen: 281, Best: 0.9993320108497632
[2.00000 0.05389 0.00356 0.53272 0.58835]
Gen: 282, Best: 0.9993320108497632
[2.00000 0.05389 0.00356 0.53272 0.58835]
Gen: 283, Best: 0.9993320108497632
[2.00000 0.19342 0.63153 0.74260 0.76155]
Gen: 284, Best: 0.9993320108497632
[2.00000 0.19342 0.63153 0.74260 0.76155]
Gen: 285, Best: 0.9993320108497632
[2.00000 0.19342 0.63153 0.74260 0.76155]
Gen: 286, Best: 0.9993320108497632
[2.00000 0.19342 0.63153 0.74260 0.76155]
Gen: 287, Best: 0.9993320108497632
[2.00000 0.19342 0.63153 0.74260 0.76155]
Gen: 288, Best: 0.9993320108497632
[2.00000 0.19342 0.50779 0.74260 0.76155]
Gen: 289, Best: 0.9993320108497632
[2.00000 0.19342 0.50779 0.74260 0.76155]
Gen: 290, Best: 0.9993320108497632
[2.00000 0.19342 0.49399 0.74260 0.76155]
Gen: 291, Best: 0.9993320108497632
[2.00000 0.19342 0.49399 0.74260 0.76155]
Gen: 292, Best: 0.9993320108497632
[2.00000 0.19342 0.00529 0.74260 0.76155]
Gen: 293, Best: 0.9993320108497632
[2.00000 0.10764 0.00529 0.74260 0.76155]
Gen: 294, Best: 0.9993320108497632
[2.00000 0.10764 0.00529 0.74260 0.76155]
Gen: 295, Best: 0.9993320108497632
[2.00000 0.10764 0.00529 0.74260 0.76155]
Gen: 296, Best: 0.9993320108497632
[2.00000 0.10764 0.00529 0.74260 0.76155]
Gen: 297, Best: 0.9993320108497632
[2.00000 0.10764 0.00529 0.74260 0.76155]
Gen: 298, Best: 0.9993320108497632
[2.00000 0.10764 0.00529 0.74260 0.76155]
Gen: 299, Best: 0.9993320108497632
[2.00000 0.11685 0.00529 0.74260 0.76155]
Gen: 300, Best: 0.9993320108497632
[2.00000 0.11685 0.00529 0.74260 0.76155]
Gen: 301, Best: 0.9993320108497632
[2.00000 0.11685 0.00529 0.74260 0.76155]
Gen: 302, Best: 0.9993320108497632
[2.00000 0.11685 0.00529 0.74260 0.76155]
Gen: 303, Best: 0.9993320108497632
[2.00000 0.11685 0.00348 0.74260 0.76155]
Gen: 304, Best: 0.9993320108497632
[2.00000 0.11685 0.00348 0.74260 0.76155]
Gen: 305, Best: 0.9993320108497632
[2.00000 0.11685 0.00348 0.74260 0.76155]
Gen: 306, Best: 0.9993320108497632
[2.00000 0.11685 0.00348 0.74260 0.76155]
Gen: 307, Best: 0.9993320108497632
[2.00000 0.09458 0.00348 0.74260 0.76155]
Gen: 308, Best: 0.9993320108497632
[2.00000 0.09458 0.00348 0.74260 0.76155]
Gen: 309, Best: 0.9993320108497632
[2.00000 0.09458 0.00348 0.74260 0.76155]
Gen: 310, Best: 0.9993320108497632
[2.00000 0.09458 0.00348 0.74260 0.76155]
Gen: 311, Best: 0.9993320108497632
[2.00000 0.09458 0.00348 0.74260 0.76155]
Gen: 312, Best: 0.9993320108497632
[2.00000 0.09458 0.00348 0.74260 0.76155]
Gen: 313, Best: 0.9993320108497632
[2.00000 0.09458 0.00348 0.74260 0.76155]
Gen: 314, Best: 0.9993320108497632
[2.00000 0.09458 0.00348 0.74260 0.76155]
Gen: 315, Best: 0.9993320108497632
[2.00000 0.09458 0.00348 0.74260 0.76155]
Gen: 316, Best: 0.9993320108497632
[2.00000 0.09458 0.00348 0.74260 0.76155]
Gen: 317, Best: 0.9993320108497632
[2.00000 0.09458 0.00348 0.74260 0.76155]
Gen: 318, Best: 0.9993320108497632
[2.00000 0.09458 0.00348 0.74260 0.76155]
Gen: 319, Best: 0.9993320108497632
[2.00000 0.09458 0.00348 0.74260 0.76155]
Gen: 320, Best: 0.9993320108497632
[2.00000 0.09458 0.00348 0.74260 0.76155]
Gen: 321, Best: 0.9993320108497632
[2.00000 0.09458 0.00348 0.74260 0.76155]
Gen: 322, Best: 0.9993320108497632
[2.00000 0.09458 0.00348 0.74260 0.76155]
Gen: 323, Best: 0.9993320108497632
[2.00000 0.09458 0.00348 0.74260 0.76155]
Gen: 324, Best: 0.9993320108497632
[2.00000 0.09458 0.00348 0.74260 0.76155]
Gen: 325, Best: 0.9993320108497632
[2.00000 0.09458 0.00348 0.74260 0.76155]
Gen: 326, Best: 0.9993320108497632
[2.00000 0.09458 0.00348 0.74260 0.76155]
Gen: 327, Best: 0.9993320108497632
[2.00000 0.09458 0.00348 0.74260 0.76155]
Gen: 328, Best: 0.9993320108497632
[2.00000 0.09458 0.00348 0.74260 0.76155]
Gen: 329, Best: 0.9993320108497632
[2.00000 0.09458 0.00348 0.74260 0.76155]
Gen: 330, Best: 0.9993320108497632
[2.00000 0.09458 0.00348 0.74260 0.76155]
Gen: 331, Best: 0.9993320108497632
[2.00000 0.09458 0.00348 0.74260 0.76155]
Gen: 332, Best: 0.9993320108497632
[2.00000 0.09458 0.00348 0.74260 0.76155]
Gen: 333, Best: 0.9993320108497632
[2.00000 0.09458 0.00348 0.74260 0.76155]
Gen: 334, Best: 0.9993320108497632
[2.00000 0.09458 0.00348 0.74260 0.76155]
Gen: 335, Best: 0.9993320108497632
[2.00000 0.09458 0.00348 0.74260 0.76155]
Gen: 336, Best: 0.9993320108497632
[2.00000 0.09458 0.00348 0.74260 0.76155]
Gen: 337, Best: 0.9993320108497632
[2.00000 0.09458 0.00348 0.74260 0.76155]
Gen: 338, Best: 0.9993320108497632
[2.00000 0.09458 0.00348 0.74260 0.76155]
Gen: 339, Best: 0.9993320108497632
[2.00000 0.09458 0.00348 0.74260 0.76155]
Gen: 340, Best: 0.9993320108497632
[2.00000 0.09458 0.00348 0.74260 0.76155]
Gen: 341, Best: 0.9993320108497632
[2.00000 0.09458 0.00348 0.74260 0.76155]
Gen: 342, Best: 0.9993320108497632
[2.00000 0.09458 0.00348 0.74260 0.76155]
Gen: 343, Best: 0.9993320108497632
[2.00000 0.09458 0.00348 0.74260 0.76155]
Gen: 344, Best: 0.9993320108497632
[2.00000 0.09458 0.00348 0.74260 0.76155]
Gen: 345, Best: 0.9993320108497632
[2.00000 0.09458 0.00348 0.74260 0.76155]
Gen: 346, Best: 0.9993320108497632
[2.00000 0.09458 0.00348 0.74260 0.76155]
Gen: 347, Best: 0.9993320108497632
[2.00000 0.09458 0.00348 0.74260 0.76155]
Gen: 348, Best: 0.9993320108497632
[2.00000 0.09458 0.00348 0.74260 0.76155]
Gen: 349, Best: 0.9993320108497632
[2.00000 0.09458 0.00348 0.74260 0.76155]
Gen: 350, Best: 0.9993320108497632
[2.00000 0.09458 0.00348 0.74260 0.76155]
Gen: 351, Best: 0.9993320108497632
[4.00000 0.09499 0.93975 0.61763 0.71921]
Gen: 352, Best: 0.9993320108497632
[4.00000 0.09499 1.00000 0.61763 0.71921]
Gen: 353, Best: 0.9993320108497632
[4.00000 0.09499 1.00000 0.61763 0.71921]
Gen: 354, Best: 0.9993320108497632
[4.00000 0.09499 0.57102 0.61763 1.00000]
Gen: 355, Best: 0.9993320108497632
[4.00000 0.09499 0.57102 0.61763 1.00000]
Gen: 356, Best: 0.9993320108497632
[4.00000 0.09499 0.57102 0.61763 1.00000]
Gen: 357, Best: 0.9993320108497632
[4.00000 0.09499 0.57102 0.61763 1.00000]
Gen: 358, Best: 0.9993320108497632
[4.00000 0.09499 0.57102 0.61763 1.00000]
Gen: 359, Best: 0.9993320108497632
[4.00000 0.09499 0.57102 0.61763 1.00000]
Gen: 360, Best: 0.9993320108497632
[4.00000 0.09499 0.57102 0.61763 1.00000]
Gen: 361, Best: 0.9993320108497632
[4.00000 0.09499 0.57102 0.61763 1.00000]
Gen: 362, Best: 0.9993320108497632
[4.00000 0.09499 0.57102 0.61763 1.00000]
Gen: 363, Best: 0.9993320108497632
[4.00000 0.09499 0.57102 0.61763 1.00000]
Gen: 364, Best: 0.9993320108497632
[4.00000 0.09499 0.57102 0.61763 1.00000]
Gen: 365, Best: 0.9993320108497632
[4.00000 0.09499 0.19623 0.61763 1.00000]
Gen: 366, Best: 0.9993320108497632
[2.00000 0.09499 0.19623 0.61763 1.00000]
Gen: 367, Best: 0.9993320108497632
[2.00000 0.09499 0.19623 0.61763 1.00000]
Gen: 368, Best: 0.9993320108497632
[2.00000 0.09499 0.19623 0.61763 1.00000]
Gen: 369, Best: 0.9993320108497632
[2.00000 0.09499 0.19623 0.61763 1.00000]
Gen: 370, Best: 0.9993320108497632
[2.00000 0.09499 0.19623 0.61763 1.00000]
Gen: 371, Best: 0.9993320108497632
[2.00000 0.10223 0.10784 0.61763 1.00000]
Gen: 372, Best: 0.9993320108497632
[2.00000 0.10223 0.10784 0.61763 1.00000]
Gen: 373, Best: 0.9993320108497632
[2.00000 0.10223 0.02155 0.61763 1.00000]
Gen: 374, Best: 0.9993320108497632
[2.00000 0.10223 0.02155 0.61763 1.00000]
Gen: 375, Best: 0.9993320108497632
[2.00000 0.10223 0.02155 0.61763 1.00000]
Gen: 376, Best: 0.9993320108497632
[2.00000 0.10223 0.02155 0.61763 1.00000]
Gen: 377, Best: 0.9993320108497632
[2.00000 0.10223 0.02155 0.61763 1.00000]
Gen: 378, Best: 0.9993320108497632
[2.00000 0.10223 0.02155 0.61763 1.00000]
Gen: 379, Best: 0.9993320108497632
[2.00000 0.10223 0.02155 0.61763 1.00000]
Gen: 380, Best: 0.9993320108497632
[2.00000 0.10223 0.01769 0.61763 1.00000]
Gen: 381, Best: 0.9993320108497632
[2.00000 0.10223 0.01769 0.61763 1.00000]
Gen: 382, Best: 0.9993320108497632
[2.00000 0.10223 0.01769 0.61763 1.00000]
Gen: 383, Best: 0.9993320108497632
[2.00000 0.10223 0.01769 0.61763 1.00000]
Gen: 384, Best: 0.9993320108497632
[2.00000 0.10223 0.01769 0.61763 1.00000]
Gen: 385, Best: 0.9993320108497632
[2.00000 0.10223 0.01769 0.61763 1.00000]
Gen: 386, Best: 0.9993320108497632
[2.00000 0.10223 0.01769 0.61763 1.00000]
Gen: 387, Best: 0.9993320108497632
[2.00000 0.10223 0.01769 0.61763 1.00000]
Gen: 388, Best: 0.9993320108497632
[2.00000 0.10223 0.01769 0.61763 1.00000]
Gen: 389, Best: 0.9993320108497632
[2.00000 0.10223 0.01769 0.61763 1.00000]
Gen: 390, Best: 0.9993320108497632
[2.00000 0.03155 0.01769 0.61763 1.00000]
Gen: 391, Best: 0.9993320108497632
[2.00000 0.03155 0.01769 0.61763 1.00000]
Gen: 392, Best: 0.9993320108497632
[2.00000 0.03155 0.01769 0.61763 1.00000]
Gen: 393, Best: 0.9993320108497632
[2.00000 0.03155 0.01769 0.61763 1.00000]
Gen: 394, Best: 0.9993320108497632
[2.00000 0.03155 0.01769 0.61763 1.00000]
Gen: 395, Best: 0.9993320108497632
[2.00000 0.03155 0.01769 0.61763 1.00000]
Gen: 396, Best: 0.9993320108497632
[2.00000 0.03155 0.01769 0.61763 1.00000]
Gen: 397, Best: 0.9993320108497632
[2.00000 0.03155 0.01769 0.61763 1.00000]
Gen: 398, Best: 0.9993320108497632
[2.00000 0.00298 0.01769 0.61763 1.00000]
Gen: 399, Best: 0.9993320108497632
[2.00000 0.00298 0.01769 0.61763 1.00000]
Gen: 400, Best: 0.9993320108497632
[2.00000 0.00298 0.01769 0.61763 1.00000]
Gen: 401, Best: 0.9993320108497632
[2.00000 0.00298 0.01769 0.61763 1.00000]
Gen: 402, Best: 0.9993320108497632
[2.00000 0.00298 0.01769 0.61763 1.00000]
Gen: 403, Best: 0.9993320108497632
[2.00000 0.00298 0.01769 0.61763 1.00000]
Gen: 404, Best: 0.9993320108497632
[2.00000 0.00298 0.01769 0.61763 1.00000]
Gen: 405, Best: 0.9993320108497632
[2.00000 0.00298 0.01769 0.61763 1.00000]
Gen: 406, Best: 0.9993320108497632
[2.00000 0.00298 0.01769 0.61763 1.00000]
Gen: 407, Best: 0.9993320108497632
[2.00000 0.00298 0.01769 0.61763 1.00000]
Gen: 408, Best: 0.9993320108497632
[2.00000 0.00298 0.01769 0.61763 1.00000]
Gen: 409, Best: 0.9993320108497632
[2.00000 0.00935 0.01769 0.61763 1.00000]
Gen: 410, Best: 0.9993320108497632
[2.00000 0.00935 0.01769 0.61763 1.00000]
Gen: 411, Best: 0.9993320108497632
[2.00000 0.00935 0.01769 0.61763 1.00000]
Gen: 412, Best: 0.9993320108497632
[2.00000 0.00935 0.01769 0.61763 1.00000]
Gen: 413, Best: 0.9993320108497632
[2.00000 0.00935 0.01769 0.61763 1.00000]
Gen: 414, Best: 0.9993320108497632
[2.00000 0.00935 0.01769 0.61763 1.00000]
Gen: 415, Best: 0.9993320108497632
[2.00000 0.00935 0.01769 0.61763 1.00000]
Gen: 416, Best: 0.9993320108497632
[2.00000 0.00935 0.01769 0.61763 1.00000]
Gen: 417, Best: 0.9993320108497632
[2.00000 0.00935 0.01769 0.61763 1.00000]
Gen: 418, Best: 0.9993320108497632
[2.00000 0.00935 0.01769 0.61763 1.00000]
Gen: 419, Best: 0.9993320108497632
[2.00000 0.00935 0.01769 0.61763 1.00000]
Gen: 420, Best: 0.9993320108497632
[2.00000 0.00935 0.01769 0.61763 1.00000]
Gen: 421, Best: 0.9993320108497632
[2.00000 0.00935 0.01769 0.61763 1.00000]
Gen: 422, Best: 0.9993320108497632
[2.00000 0.00935 0.01769 0.61763 1.00000]
Gen: 423, Best: 0.9993320108497632
[2.00000 0.00935 0.01769 0.61763 1.00000]
Gen: 424, Best: 0.9993320108497632
[2.00000 0.00935 0.01769 0.61763 1.00000]
Gen: 425, Best: 0.9993320108497632
[2.00000 0.00935 0.01769 0.61763 1.00000]
Gen: 426, Best: 0.9993320108497632
[2.00000 0.00935 0.01769 0.61763 1.00000]
Gen: 427, Best: 0.9993320108497632
[2.00000 0.00935 0.01769 0.61763 1.00000]
Gen: 428, Best: 0.9993320108497632
[2.00000 0.00935 0.01769 0.61763 1.00000]
Gen: 429, Best: 0.9993320108497632
[2.00000 0.00935 0.01769 0.61763 1.00000]
Gen: 430, Best: 0.9993320108497632
[2.00000 0.00935 0.01769 0.61763 1.00000]
Gen: 431, Best: 0.9993320108497632
[2.00000 0.00935 0.01769 0.61763 1.00000]
Gen: 432, Best: 0.9993320108497632
[2.00000 0.00935 0.01769 0.61763 1.00000]
Gen: 433, Best: 0.9993320108497632
[2.00000 0.00935 0.01769 0.61763 1.00000]
Gen: 434, Best: 0.9993320108497632
[2.00000 0.00935 0.01769 0.61763 1.00000]
Gen: 435, Best: 0.9993320108497632
[2.00000 0.00935 0.01769 0.61763 1.00000]
Gen: 436, Best: 0.9993320108497632
[2.00000 0.00935 0.01794 0.61763 1.00000]
Gen: 437, Best: 0.9993320108497632
[2.00000 0.00935 0.01794 0.61763 1.00000]
Gen: 438, Best: 0.9993320108497632
[2.00000 0.00935 0.01794 0.61763 1.00000]
Gen: 439, Best: 0.9993320108497632
[2.00000 0.00935 0.01794 0.61763 1.00000]
Gen: 440, Best: 0.9993320108497632
[2.00000 0.00935 0.01794 0.61763 1.00000]
Gen: 441, Best: 0.9993320108497632
[2.00000 0.00935 0.01794 0.61763 1.00000]
Gen: 442, Best: 0.9993320108497632
[2.00000 0.00935 0.01794 0.61763 1.00000]
Gen: 443, Best: 0.9993320108497632
[2.00000 0.00935 0.01794 0.61763 1.00000]
Gen: 444, Best: 0.9993320108497632
[2.00000 0.00935 0.01794 0.61763 1.00000]
Gen: 445, Best: 0.9993320108497632
[2.00000 0.00935 0.01794 0.61763 1.00000]
Gen: 446, Best: 0.9993320108497632
[2.00000 0.00935 0.01794 0.61763 1.00000]
Gen: 447, Best: 0.9993320108497632
[2.00000 0.00935 0.01794 0.61763 1.00000]
Gen: 448, Best: 0.9993320108497632
[2.00000 0.00935 0.01794 0.61763 1.00000]
Gen: 449, Best: 0.9993320108497632
[2.00000 0.00935 0.01794 0.61763 1.00000]
Gen: 450, Best: 0.9993320108497632
[2.00000 0.00935 0.01794 0.61763 1.00000]
Gen: 451, Best: 0.9993320108497632
[2.00000 0.00935 0.01794 0.61763 1.00000]
Gen: 452, Best: 0.9993320108497632
[2.00000 0.00935 0.01794 0.61763 1.00000]
Gen: 453, Best: 0.9993320108497632
[2.00000 0.00935 0.01794 0.61763 1.00000]
Gen: 454, Best: 0.9993320108497632
[2.00000 0.00935 0.01794 0.61763 1.00000]
Gen: 455, Best: 0.9993320108497632
[2.00000 0.00935 0.01794 0.61763 1.00000]
Gen: 456, Best: 0.9993320108497632
[2.00000 0.00935 0.01794 0.61763 1.00000]
Gen: 457, Best: 0.9993320108497632
[2.00000 0.00935 0.01794 0.61763 1.00000]
Gen: 458, Best: 0.9993320108497632
[2.00000 0.00935 0.01794 0.61763 1.00000]
Gen: 459, Best: 0.9993320108497632
[2.00000 0.00935 0.01794 0.61763 1.00000]
Gen: 460, Best: 0.9993320108497632
[2.00000 0.00935 0.01794 0.61763 1.00000]
Gen: 461, Best: 0.9993320108497632
[2.00000 0.00935 0.01794 0.61763 1.00000]
Gen: 462, Best: 0.9993320108497632
[2.00000 0.00935 0.01794 0.61763 1.00000]
Gen: 463, Best: 0.9993320108497632
[2.00000 0.00935 0.01794 0.61763 1.00000]
Gen: 464, Best: 0.9993320108497632
[2.00000 0.00935 0.01794 0.61763 1.00000]
Gen: 465, Best: 0.9993320108497632
[2.00000 0.00935 0.01794 0.61763 1.00000]
Gen: 466, Best: 0.9993320108497632
[2.00000 0.00935 0.01794 0.61763 1.00000]
Gen: 467, Best: 0.9993320108497632
[2.00000 0.00935 0.01794 0.61763 1.00000]
Gen: 468, Best: 0.9993320108497632
[2.00000 0.00935 0.01794 0.61763 1.00000]
Gen: 469, Best: 0.9993320108497632
[2.00000 0.00935 0.01794 0.61763 1.00000]
Gen: 470, Best: 0.9993320108497632
[2.00000 0.00935 0.01794 0.61763 1.00000]
Gen: 471, Best: 0.9993320108497632
[2.00000 0.00935 0.01794 0.61763 1.00000]
Gen: 472, Best: 0.9993320108497632
[2.00000 0.00935 0.01794 0.61763 1.00000]
Gen: 473, Best: 0.9993320108497632
[2.00000 0.00935 0.01794 0.61763 1.00000]
Gen: 474, Best: 0.9993320108497632
[2.00000 0.00935 0.01794 0.61763 1.00000]
Gen: 475, Best: 0.9993320108497632
[2.00000 0.00935 0.01794 0.61763 1.00000]
Gen: 476, Best: 0.9993320108497632
[2.00000 0.00935 0.01794 0.61763 1.00000]
Gen: 477, Best: 0.9993320108497632
[2.00000 0.00935 0.01794 0.61763 1.00000]
Gen: 478, Best: 0.9993320108497632
[2.00000 0.00935 0.01794 0.61763 1.00000]
Gen: 479, Best: 0.9993320108497632
[2.00000 0.00935 0.01794 0.61763 1.00000]
Gen: 480, Best: 0.9993320108497632
[2.00000 0.00935 0.01794 0.61763 1.00000]
Gen: 481, Best: 0.9993320108497632
[2.00000 0.00935 0.01794 0.61763 1.00000]
Gen: 482, Best: 0.9993320108497632
[1.00000 0.24050 0.25855 0.12679 0.05588]
Gen: 483, Best: 0.9993320108497632
[1.00000 0.24050 0.25855 0.12679 0.05588]
Gen: 484, Best: 0.9993320108497632
[1.00000 0.03538 0.25855 0.12679 0.05588]
Gen: 485, Best: 0.9993320108497632
[1.00000 0.03538 0.25855 0.12679 0.05588]
Gen: 486, Best: 0.9993320108497632
[1.00000 0.03538 0.25855 0.12679 0.05588]
Gen: 487, Best: 0.9993320108497632
[1.00000 0.03538 0.25855 0.12679 0.05588]
Gen: 488, Best: 0.9993320108497632
[2.00000 0.03538 0.25855 0.12679 0.05588]
Gen: 489, Best: 0.9993320108497632
[2.00000 0.03538 0.25855 0.12679 0.05588]
Gen: 490, Best: 0.9993320108497632
[2.00000 0.03538 0.25855 0.12679 0.05588]
Gen: 491, Best: 0.9993320108497632
[2.00000 0.03538 0.25855 0.12679 0.05588]
Gen: 492, Best: 0.9993320108497632
[2.00000 0.03538 0.25855 0.12679 0.05588]
Gen: 493, Best: 0.9993320108497632
[2.00000 0.03538 0.25855 0.12679 0.05588]
Gen: 494, Best: 0.9993320108497632
[2.00000 0.03538 0.25855 0.12679 0.05588]
Gen: 495, Best: 0.9993320108497632
[2.00000 0.03538 0.25855 0.12679 0.05588]
Gen: 496, Best: 0.9993320108497632
[2.00000 0.03538 0.25855 0.12679 0.05588]
Gen: 497, Best: 0.9993320108497632
[2.00000 0.03538 0.25855 0.12679 0.05588]
Gen: 498, Best: 0.9993320108497632
[2.00000 0.03538 0.25855 0.12679 0.05588]
Gen: 499, Best: 0.9993320108497632
[2.00000 0.03538 0.14333 0.12679 0.05588]
Gen: 500, Best: 0.9993320108497632
[2.00000 0.04300 0.14333 0.12679 0.05588]
True Positives (TP): 39588
True Negatives (TN): 9743
False Positives (FP): 23
False Negatives (FN): 48
検知率: 0.9988
誤警報率: 0.0024
適合率: 0.9994
F値: 0.9991
誤分類したデータ (正解ラベルでソート):
True: DoS, Predicted: normal
True: DoS, Predicted: normal
True: DoS, Predicted: normal
True: DoS, Predicted: normal
True: DoS, Predicted: normal
True: DoS, Predicted: normal
True: DoS, Predicted: normal
True: DoS, Predicted: normal
True: DoS, Predicted: normal
True: DoS, Predicted: normal
True: DoS, Predicted: normal
True: DoS, Predicted: normal
True: DoS, Predicted: R2L
True: DoS, Predicted: normal
True: DoS, Predicted: normal
True: DoS, Predicted: normal
True: DoS, Predicted: normal
True: DoS, Predicted: normal
True: DoS, Predicted: normal
True: Probe, Predicted: normal
True: Probe, Predicted: normal
True: Probe, Predicted: normal
True: Probe, Predicted: normal
True: Probe, Predicted: normal
True: Probe, Predicted: normal
True: Probe, Predicted: normal
True: Probe, Predicted: normal
True: Probe, Predicted: normal
True: Probe, Predicted: normal
True: Probe, Predicted: normal
True: R2L, Predicted: normal
True: R2L, Predicted: normal
True: R2L, Predicted: normal
True: R2L, Predicted: normal
True: R2L, Predicted: normal
True: R2L, Predicted: normal
True: R2L, Predicted: normal
True: R2L, Predicted: normal
True: R2L, Predicted: normal
True: R2L, Predicted: normal
True: R2L, Predicted: normal
True: R2L, Predicted: normal
True: R2L, Predicted: normal
True: R2L, Predicted: normal
True: U2R, Predicted: normal
True: U2R, Predicted: normal
True: U2R, Predicted: normal
True: U2R, Predicted: normal
True: U2R, Predicted: normal
True: normal, Predicted: R2L
True: normal, Predicted: R2L
True: normal, Predicted: Probe
True: normal, Predicted: DoS
True: normal, Predicted: R2L
True: normal, Predicted: Probe
True: normal, Predicted: R2L
True: normal, Predicted: R2L
True: normal, Predicted: R2L
True: normal, Predicted: Probe
True: normal, Predicted: R2L
True: normal, Predicted: Probe
True: normal, Predicted: DoS
True: normal, Predicted: R2L
True: normal, Predicted: R2L
True: normal, Predicted: R2L
True: normal, Predicted: R2L
True: normal, Predicted: R2L
True: normal, Predicted: DoS
True: normal, Predicted: R2L
True: normal, Predicted: R2L
True: normal, Predicted: R2L
True: normal, Predicted: R2L

誤分類(正解):
normal    23
DoS       19
R2L       14
Probe     11
U2R        5

誤分類(予測):
normal    48
R2L       17
Probe      4
DoS        3

------学習セット-----
精度: 0.9998785474272297
誤分類(正解):
normal    5
DoS       1

誤分類(予測):
DoS       3
R2L       2
normal    1

------学習セット-----
精度: 0.9998785474272297
誤分類(正解):
normal    5
DoS       1

誤分類(予測):
DoS       3
R2L       2
normal    1

------検証セット-----
精度: 0.9987045058904498
誤分類(正解):
normal    17
DoS       17
Probe     16
R2L       10
U2R        4

誤分類(予測):
normal    46
R2L       11
DoS        5
Probe      2

------検証セット-----
精度: 0.9987045058904498
誤分類(正解):
normal    17
DoS       17
Probe     16
R2L       10
U2R        4

誤分類(予測):
normal    46
R2L       11
DoS        5
Probe      2
Best Solution: [2.00000 0.04300 0.14333 0.12679 0.05588]
精度: 0.998542569126756
C = 1504.9699726674476
gamma = 4.586452381677782
coef0 = 1.2679172715333031
d = 1.1117609335406629
デフォルト精度: 0.9978543378810575
実行時間: 45518.8431秒
SVMの実行時間: 45517.6845秒
SVMの実行時間H: 12.6438時間
評価回数: 9303回
精度:0.9993  [2.00000 0.00592 0.01317 0.81483 0.80414]
精度:0.9992  [2.00000 0.01372 0.01985 0.72671 0.97202]
精度:0.9992  [2.00000 0.01763 0.00766 0.59021 0.81632]
精度:0.9984  [4.00000 0.41307 1.00000 0.11723 0.47813]
精度:0.9992  [2.00000 0.01712 0.00681 0.15672 0.98620]
精度:0.9992  [2.00000 0.06576 0.00369 0.49820 0.33620]
精度:0.9976  [1.00000 0.50803 0.79558 0.56771 0.05837]
精度:0.9990  [2.00000 0.54893 0.03228 0.89727 0.23821]
精度:0.9992  [2.00000 0.00485 0.02295 0.98078 0.55722]
精度:0.9987  [2.00000 0.04300 0.14333 0.12679 0.05588]

--- 最終結果（平均値）---
平均分類精度: 0.998542569126756
デフォルト精度: 0.9978543378810575
平均svm実行時間: 45517.6845秒
平均svm実行時間H: 12.6438時間
平均TP: 39588.00
平均TN: 9743.00
平均FP: 23.00
平均FN: 48.00
平均検知率: 0.9988
平均誤警報率: 0.0024
平均適合率: 0.9994
平均F値: 0.9991
平均学習セット分類精度: 0.9999
平均検証セット分類精度: 0.9987
