正規化(0で有効): 0
データセット: kdd99
打ち切り学習回数: 1.0e+09
r_range = (-10, 10)
コロニーサイズ: 10
偵察バチのLIMIT: 100
サイクル数: 500
試行回数: 3
###############

1試行目

###############
初期化1 , Fitness:0.6986169641089459
[  3.00000 268.42866  16.61199  -2.43105   1.31994]
初期化2 , Fitness:0.9985043253294527
[   4.00000 4192.17814   26.66330   -4.19254    1.90321]
初期化3 , Fitness:0.6987553041018387
[    3.00000 34182.53552    16.65360    -4.29597     2.89396]
初期化4 , Fitness:0.9987465631570435
[    4.00000 33192.15677     5.18216     2.27108     2.92513]
初期化5 , Fitness:0.6986169641089459
[    3.00000 27821.46853    29.01229     1.32677     2.15224]
初期化6 , Fitness:0.6987651876264163
[  3.00000 569.09736  18.13753  -6.50097   1.50958]
初期化7 , Fitness:0.9986052434759759
[   1.00000 8036.33458   10.13222    5.70786    2.71730]
初期化8 , Fitness:0.7055513503477628
[    3.00000 23769.91764    11.26825    -3.54068     2.81082]
初期化9 , Fitness:0.9975566908305231
[   2.00000 5690.77616   19.31433   -2.57861    2.89591]
初期化10 , Fitness:0.9985245073269329
[    4.00000 19806.71940    17.94576     5.02188     1.25471]
Gen: 1, Best: 0.9988462005586818
[    4.00000 33192.15677    19.05376     2.27108     2.92513]
Gen: 2, Best: 0.9988462005586818
[    4.00000 33192.15677    19.05376     2.27108     2.92513]
Gen: 3, Best: 0.9988462005586818
[    4.00000 33192.15677    19.05376     2.27108     2.92513]
Gen: 4, Best: 0.9988462005586818
[    4.00000 33192.15677    19.05376     2.27108     2.92513]
Gen: 5, Best: 0.9988462005586818
[    4.00000 33192.15677    19.05376     2.27108     2.92513]
Gen: 6, Best: 0.9988462005586818
[    4.00000 33192.15677    19.05376     2.27108     2.92513]
Gen: 7, Best: 0.9988462005586818
[    4.00000 33192.15677    19.05376     2.27108     2.92513]
Gen: 8, Best: 0.9988462005586818
[    4.00000 33192.15677    19.05376     2.27108     2.92513]
Gen: 9, Best: 0.9988462005586818
[    4.00000 33192.15677    19.05376     2.27108     2.92513]
Gen: 10, Best: 0.9988462005586818
[    4.00000 33192.15677    19.05376     2.27108     2.92513]
Gen: 11, Best: 0.9988462005586818
[    4.00000 33192.15677    19.05376     2.27108     2.92513]
Gen: 12, Best: 0.9988462005586818
[    4.00000 33192.15677    19.05376     2.27108     2.92513]
Gen: 13, Best: 0.9988462005586818
[    4.00000 33192.15677    19.05376     2.27108     2.92513]
Gen: 14, Best: 0.9988462005586818
[    4.00000 33192.15677    19.05376     2.27108     2.92513]
Gen: 15, Best: 0.9988462005586818
[    4.00000 33192.15677    19.05376     2.27108     2.92513]
Gen: 16, Best: 0.9988462005586818
[    4.00000 33192.15677    19.05376     2.27108     2.92513]
Gen: 17, Best: 0.9988664426541436
[  4.00000 214.04645   7.04327   5.70786   2.71730]
Gen: 18, Best: 0.9988664426541436
[  4.00000 214.04645   7.04327   5.70786   2.71730]
Gen: 19, Best: 0.9988664426541436
[  4.00000 214.04645   7.04327   5.70786   2.71730]
Gen: 20, Best: 0.998906926845067
[  4.00000 214.04645   4.99944   5.70786   2.71730]
Gen: 21, Best: 0.998906926845067
[  4.00000 214.04645   4.99944   5.70786   2.71730]
Gen: 22, Best: 0.9989474110359904
[  4.00000 214.04645   4.99944   7.65051   2.71730]
Gen: 23, Best: 0.9989474110359904
[  4.00000 214.04645   4.99944   7.65051   2.71730]
Gen: 24, Best: 0.9989474110359904
[  4.00000 214.04645   4.99944   7.65051   2.71730]
Gen: 25, Best: 0.9989474110359904
[  4.00000 214.04645   4.99944   7.65051   2.71730]
Gen: 26, Best: 0.9989474110359904
[  4.00000 214.04645   4.99944   7.65051   2.71730]
Gen: 27, Best: 0.9989474110359904
[  4.00000 214.04645   4.99944   7.65051   2.71730]
Gen: 28, Best: 0.9989474110359904
[  4.00000 214.04645   4.99944   7.65051   2.71730]
Gen: 29, Best: 0.9989474110359904
[  4.00000 214.04645   4.99944   7.65051   2.71730]
Gen: 30, Best: 0.9989474110359904
[  4.00000 214.04645   4.99944   7.65051   2.71730]
Gen: 31, Best: 0.9989474110359904
[  4.00000 214.04645   4.99944   7.65051   2.71730]
Gen: 32, Best: 0.9989474110359904
[  4.00000 214.04645   4.99944   7.65051   2.71730]
Gen: 33, Best: 0.9989474110359904
[  4.00000 214.04645   4.99944   7.65051   2.71730]
Gen: 34, Best: 0.9989474110359904
[  4.00000 214.04645   4.99944   7.65051   2.71730]
Gen: 35, Best: 0.9989474110359904
[  4.00000 214.04645   4.99944   7.65051   2.71730]
Gen: 36, Best: 0.9989474110359904
[  4.00000 214.04645   4.99944   7.65051   2.71730]
Gen: 37, Best: 0.9991093477996842
[    2.00000 11090.94703     0.25339    -4.29597     2.89396]
Gen: 38, Best: 0.9991093477996842
[    2.00000 11090.94703     0.25339    -4.29597     2.89396]
Gen: 39, Best: 0.9991093477996842
[    2.00000 11090.94703     0.25339    -4.29597     2.89396]
Gen: 40, Best: 0.9991093477996842
[    2.00000 11090.94703     0.25339    -4.29597     2.89396]
Gen: 41, Best: 0.9991093477996842
[    2.00000 11090.94703     0.25339    -4.29597     2.89396]
Gen: 42, Best: 0.9991093477996842
[    2.00000 11090.94703     0.25339    -4.29597     2.89396]
Gen: 43, Best: 0.9991093477996842
[    2.00000 11090.94703     0.25339    -4.29597     2.89396]
Gen: 44, Best: 0.9991093477996842
[    2.00000 11090.94703     0.25339    -4.29597     2.89396]
Gen: 45, Best: 0.9991093477996842
[    2.00000 11090.94703     0.25339    -4.29597     2.89396]
Gen: 46, Best: 0.9991093477996842
[    2.00000 11090.94703     0.25339    -4.29597     2.89396]
Gen: 47, Best: 0.9991093477996842
[    2.00000 11090.94703     0.25339    -4.29597     2.89396]
Gen: 48, Best: 0.9991093477996842
[    2.00000 11090.94703     0.25339    -4.29597     2.89396]
Gen: 49, Best: 0.9991093477996842
[    2.00000 11090.94703     0.25339    -4.29597     2.89396]
Gen: 50, Best: 0.9991093477996842
[    2.00000 11090.94703     0.25339    -4.29597     2.89396]
Gen: 51, Best: 0.9991093477996842
[    2.00000 11090.94703     0.25339    -4.29597     2.89396]
Gen: 52, Best: 0.999129589895146
[   2.00000 7897.78786    0.25339   -4.29597    2.89396]
Gen: 53, Best: 0.999129589895146
[   2.00000 7897.78786    0.25339   -4.29597    2.89396]
Gen: 54, Best: 0.999129589895146
[   2.00000 7897.78786    0.25339   -4.29597    2.89396]
Gen: 55, Best: 0.999129589895146
[   2.00000 7897.78786    0.25339   -4.29597    2.89396]
Gen: 56, Best: 0.999129589895146
[   2.00000 7897.78786    0.25339   -4.29597    2.89396]
Gen: 57, Best: 0.9991903161815312
[   2.00000 1764.12798    0.25339   -4.29597    2.89396]
Gen: 58, Best: 0.9991903161815312
[   2.00000 1764.12798    0.25339   -4.29597    2.89396]
Gen: 59, Best: 0.9991903161815312
[   2.00000 1764.12798    0.25339   -4.29597    2.89396]
Gen: 60, Best: 0.9991903161815312
[   2.00000 1764.12798    0.25339   -4.29597    2.89396]
Gen: 61, Best: 0.9991903161815312
[   2.00000 1764.12798    0.25339   -4.29597    2.89396]
Gen: 62, Best: 0.9991903161815312
[   2.00000 1764.12798    0.25339   -4.29597    2.89396]
Gen: 63, Best: 0.9991903161815312
[   2.00000 1764.12798    0.25339   -4.29597    2.89396]
Gen: 64, Best: 0.9991903161815312
[   2.00000 1764.12798    0.25339   -4.29597    2.89396]
Gen: 65, Best: 0.9991903161815312
[   2.00000 1764.12798    0.25339   -4.29597    2.89396]
Gen: 66, Best: 0.9991903161815312
[   2.00000 1764.12798    0.25339   -4.29597    2.89396]
Gen: 67, Best: 0.9991903161815312
[   2.00000 1764.12798    0.25339   -4.29597    2.89396]
Gen: 68, Best: 0.9991903161815312
[   2.00000 1764.12798    0.25339   -4.29597    2.89396]
Gen: 69, Best: 0.9991903161815312
[   2.00000 1764.12798    0.25339   -4.29597    2.89396]
Gen: 70, Best: 0.9991903161815312
[   2.00000 1764.12798    0.25339   -4.29597    2.89396]
Gen: 71, Best: 0.9991903161815312
[   2.00000 1764.12798    0.25339   -4.29597    2.89396]
Gen: 72, Best: 0.9991903161815312
[   2.00000 1764.12798    0.25339   -4.29597    2.89396]
Gen: 73, Best: 0.9991903161815312
[   2.00000 1764.12798    0.25339   -4.29597    2.89396]
Gen: 74, Best: 0.9991903161815312
[   2.00000 1764.12798    0.25339   -4.29597    2.89396]
Gen: 75, Best: 0.9991903161815312
[   2.00000 1764.12798    0.25339   -4.29597    2.89396]
Gen: 76, Best: 0.9991903161815312
[   2.00000 1764.12798    0.25339   -4.29597    2.89396]
Gen: 77, Best: 0.9991903161815312
[   2.00000 1764.12798    0.25339   -4.29597    2.89396]
Gen: 78, Best: 0.9991903161815312
[   2.00000 1764.12798    0.25339   -4.29597    2.89396]
Gen: 79, Best: 0.9991903161815312
[   2.00000 1764.12798    0.25339   -4.29597    2.89396]
Gen: 80, Best: 0.9991903161815312
[   2.00000 1764.12798    0.25339   -4.29597    2.89396]
Gen: 81, Best: 0.9991903161815312
[   2.00000 1764.12798    0.25339   -4.29597    2.89396]
Gen: 82, Best: 0.9991903161815312
[   2.00000 1764.12798    0.25339   -4.29597    2.89396]
Gen: 83, Best: 0.9991903161815312
[   2.00000 1764.12798    0.25339   -4.29597    2.89396]
Gen: 84, Best: 0.9991903161815312
[   2.00000 1764.12798    0.25339   -4.29597    2.89396]
Gen: 85, Best: 0.9991903161815312
[   2.00000 1764.12798    0.25339   -4.29597    2.89396]
Gen: 86, Best: 0.9991903161815312
[   2.00000 1764.12798    0.25339   -4.29597    2.89396]
Gen: 87, Best: 0.9991903161815312
[   2.00000 1764.12798    0.25339   -4.29597    2.89396]
Gen: 88, Best: 0.9991903161815312
[   2.00000 1764.12798    0.25339   -4.29597    2.89396]
Gen: 89, Best: 0.9991903161815312
[   2.00000 1764.12798    0.25339   -4.29597    2.89396]
Gen: 90, Best: 0.9991903161815312
[   2.00000 1764.12798    0.25339   -4.29597    2.89396]
Gen: 91, Best: 0.9992105582769928
[  2.00000 620.18222   0.30913  -4.75106   1.31994]
Gen: 92, Best: 0.9992105582769928
[  2.00000 620.18222   0.30913  -4.75106   1.31994]
Gen: 93, Best: 0.9992105582769928
[  2.00000 620.18222   0.30913  -4.75106   1.31994]
Gen: 94, Best: 0.9992105582769928
[  2.00000 620.18222   0.30913  -4.75106   1.31994]
Gen: 95, Best: 0.9992105582769928
[  2.00000 620.18222   0.30913  -4.75106   1.31994]
Gen: 96, Best: 0.9992105582769928
[  2.00000 620.18222   0.30913  -4.75106   1.31994]
Gen: 97, Best: 0.9992105582769928
[  2.00000 620.18222   0.30913  -4.75106   1.31994]
Gen: 98, Best: 0.9992105582769928
[  2.00000 620.18222   0.30913  -4.75106   1.31994]
Gen: 99, Best: 0.9992105582769928
[  2.00000 620.18222   0.30913  -4.75106   1.31994]
Gen: 100, Best: 0.9992105582769928
[  2.00000 620.18222   0.30913  -4.75106   1.31994]
Gen: 101, Best: 0.9992105582769928
[  2.00000 620.18222   0.30913  -4.75106   1.31994]
Gen: 102, Best: 0.9992105582769928
[  2.00000 620.18222   0.30913  -4.75106   1.31994]
Gen: 103, Best: 0.9992105582769928
[  2.00000 620.18222   0.30913  -4.75106   1.31994]
Gen: 104, Best: 0.9992105582769928
[  2.00000 620.18222   0.30913  -4.75106   1.31994]
Gen: 105, Best: 0.9992105582769928
[  2.00000 620.18222   0.30913  -4.75106   1.31994]
Gen: 106, Best: 0.9992105582769928
[  2.00000 620.18222   0.30913  -4.75106   1.31994]
Gen: 107, Best: 0.9992105582769928
[  2.00000 620.18222   0.30913  -4.75106   1.31994]
Gen: 108, Best: 0.9992105582769928
[  2.00000 620.18222   0.30913  -4.75106   1.31994]
Gen: 109, Best: 0.9992105582769928
[  2.00000 620.18222   0.30913  -4.75106   1.31994]
Gen: 110, Best: 0.9992105582769928
[  2.00000 620.18222   0.30913  -4.75106   1.31994]
Gen: 111, Best: 0.9992105582769928
[  2.00000 620.18222   0.30913  -4.75106   1.31994]
Gen: 112, Best: 0.9992105582769928
[  2.00000 620.18222   0.30913  -4.75106   1.31994]
Gen: 113, Best: 0.9992105582769928
[  2.00000 620.18222   0.30913  -4.75106   1.31994]
Gen: 114, Best: 0.9992105582769928
[  2.00000 620.18222   0.30913  -4.75106   1.31994]
Gen: 115, Best: 0.9992105582769928
[  2.00000 620.18222   0.30913  -4.75106   1.31994]
Gen: 116, Best: 0.9992105582769928
[  2.00000 620.18222   0.30913  -4.75106   1.31994]
Gen: 117, Best: 0.9992105582769928
[  2.00000 620.18222   0.30913  -4.75106   1.31994]
Gen: 118, Best: 0.9992105582769928
[  2.00000 620.18222   0.30913  -4.75106   1.31994]
Gen: 119, Best: 0.9992105582769928
[  2.00000 620.18222   0.30913  -4.75106   1.31994]
Gen: 120, Best: 0.9992105582769928
[  2.00000 620.18222   0.30913  -4.75106   1.31994]
Gen: 121, Best: 0.9992105582769928
[  2.00000 620.18222   0.30913  -4.75106   1.31994]
Gen: 122, Best: 0.9992105582769928
[  2.00000 620.18222   0.30913  -4.75106   1.31994]
Gen: 123, Best: 0.9992105582769928
[  2.00000 620.18222   0.30913  -4.75106   1.31994]
Gen: 124, Best: 0.9992105582769928
[  2.00000 620.18222   0.30913  -4.75106   1.31994]
Gen: 125, Best: 0.9992105582769928
[  2.00000 620.18222   0.30913  -4.75106   1.31994]
Gen: 126, Best: 0.9992105582769928
[  2.00000 620.18222   0.30913  -4.75106   1.31994]
Gen: 127, Best: 0.9992105582769928
[  2.00000 620.18222   0.30913  -4.75106   1.31994]
Gen: 128, Best: 0.9992105582769928
[  2.00000 620.18222   0.30913  -4.75106   1.31994]
Gen: 129, Best: 0.9992105582769928
[  2.00000 620.18222   0.30913  -4.75106   1.31994]
Gen: 130, Best: 0.9992308003724546
[  2.00000 620.18222   0.47166  -4.75106   1.31994]
Gen: 131, Best: 0.9992308003724546
[  2.00000 620.18222   0.47166  -4.75106   1.31994]
Gen: 132, Best: 0.9992308003724546
[  2.00000 620.18222   0.47166  -4.75106   1.31994]
Gen: 133, Best: 0.9992308003724546
[  2.00000 620.18222   0.47166  -4.75106   1.31994]
Gen: 134, Best: 0.9992308003724546
[  2.00000 620.18222   0.47166  -4.75106   1.31994]
Gen: 135, Best: 0.9992308003724546
[  2.00000 620.18222   0.47166  -4.75106   1.31994]
Gen: 136, Best: 0.9992308003724546
[  2.00000 620.18222   0.47166  -4.75106   1.31994]
Gen: 137, Best: 0.9992308003724546
[  2.00000 620.18222   0.47166  -4.75106   1.31994]
Gen: 138, Best: 0.9992308003724546
[  2.00000 620.18222   0.47166  -4.75106   1.31994]
Gen: 139, Best: 0.9992308003724546
[  2.00000 620.18222   0.47166  -4.75106   1.31994]
Gen: 140, Best: 0.9992308003724546
[  2.00000 620.18222   0.47166  -4.75106   1.31994]
Gen: 141, Best: 0.9992308003724546
[  2.00000 620.18222   0.47166  -4.75106   1.31994]
Gen: 142, Best: 0.9992308003724546
[  2.00000 620.18222   0.47166  -4.75106   1.31994]
Gen: 143, Best: 0.9992308003724546
[  2.00000 620.18222   0.47166  -4.75106   1.31994]
Gen: 144, Best: 0.9992308003724546
[  2.00000 620.18222   0.47166  -4.75106   1.31994]
Gen: 145, Best: 0.9992510424679164
[  2.00000 604.25117   0.47166  -4.75106   1.31994]
Gen: 146, Best: 0.9992510424679164
[  2.00000 604.25117   0.47166  -4.75106   1.31994]
Gen: 147, Best: 0.9992510424679164
[  2.00000 604.25117   0.47166  -4.75106   1.31994]
Gen: 148, Best: 0.9992510424679164
[  2.00000 604.25117   0.47166  -4.75106   1.31994]
Gen: 149, Best: 0.9992510424679164
[  2.00000 604.25117   0.47166  -4.75106   1.31994]
Gen: 150, Best: 0.9992510424679164
[  2.00000 604.25117   0.47166  -4.75106   1.31994]
Gen: 151, Best: 0.9992510424679164
[  2.00000 604.25117   0.47166  -4.75106   1.31994]
Gen: 152, Best: 0.9992510424679164
[  2.00000 604.25117   0.47166  -4.75106   1.31994]
Gen: 153, Best: 0.9992510424679164
[  2.00000 604.25117   0.47166  -4.75106   1.31994]
Gen: 154, Best: 0.9992510424679164
[  2.00000 604.25117   0.47166  -4.75106   1.31994]
Gen: 155, Best: 0.9992510424679164
[  2.00000 604.25117   0.47166  -4.75106   1.31994]
Gen: 156, Best: 0.9992510424679164
[  2.00000 604.25117   0.47166  -4.75106   1.31994]
Gen: 157, Best: 0.9992510424679164
[  2.00000 604.25117   0.47166  -4.75106   1.31994]
Gen: 158, Best: 0.9992510424679164
[  2.00000 604.25117   0.47166  -4.75106   1.31994]
Gen: 159, Best: 0.9992510424679164
[  2.00000 604.25117   0.47166  -4.75106   1.31994]
Gen: 160, Best: 0.9992510424679164
[  2.00000 604.25117   0.47166  -4.75106   1.31994]
Gen: 161, Best: 0.9992510424679164
[  2.00000 604.25117   0.47166  -4.75106   1.31994]
Gen: 162, Best: 0.9992510424679164
[  2.00000 604.25117   0.47166  -4.75106   1.31994]
Gen: 163, Best: 0.9992510424679164
[  2.00000 604.25117   0.47166  -4.75106   1.31994]
Gen: 164, Best: 0.9992510424679164
[  2.00000 604.25117   0.47166  -4.75106   1.31994]
Gen: 165, Best: 0.9992510424679164
[  2.00000 604.25117   0.47166  -4.75106   1.31994]
Gen: 166, Best: 0.9992510424679164
[  2.00000 604.25117   0.47166  -4.75106   1.31994]
Gen: 167, Best: 0.9992510424679164
[  2.00000 604.25117   0.47166  -4.75106   1.31994]
Gen: 168, Best: 0.9992510424679164
[  2.00000 604.25117   0.47166  -4.75106   1.31994]
Gen: 169, Best: 0.9992510424679164
[  2.00000 604.25117   0.47166  -4.75106   1.31994]
Gen: 170, Best: 0.9992510424679164
[  2.00000 604.25117   0.47166  -4.75106   1.31994]
Gen: 171, Best: 0.9992510424679164
[  2.00000 604.25117   0.47166  -4.75106   1.31994]
Gen: 172, Best: 0.9992510424679164
[  2.00000 604.25117   0.47166  -4.75106   1.31994]
Gen: 173, Best: 0.999271284563378
[  2.00000 536.87160   0.47166  -4.75106   1.31994]
Gen: 174, Best: 0.999271284563378
[  2.00000 536.87160   0.47166  -4.75106   1.31994]
Gen: 175, Best: 0.999271284563378
[  2.00000 536.87160   0.47166  -4.75106   1.31994]
Gen: 176, Best: 0.999271284563378
[  2.00000 536.87160   0.47166  -4.75106   1.31994]
Gen: 177, Best: 0.999271284563378
[  2.00000 536.87160   0.47166  -4.75106   1.31994]
Gen: 178, Best: 0.999271284563378
[  2.00000 536.87160   0.47166  -4.75106   1.31994]
Gen: 179, Best: 0.999271284563378
[  2.00000 536.87160   0.47166  -4.75106   1.31994]
Gen: 180, Best: 0.999271284563378
[  2.00000 536.87160   0.47166  -4.75106   1.31994]
Gen: 181, Best: 0.999271284563378
[  2.00000 536.87160   0.47166  -4.75106   1.31994]
Gen: 182, Best: 0.999271284563378
[  2.00000 536.87160   0.47166  -4.75106   1.31994]
Gen: 183, Best: 0.999271284563378
[  2.00000 536.87160   0.47166  -4.75106   1.31994]
Gen: 184, Best: 0.999271284563378
[  2.00000 536.87160   0.47166  -4.75106   1.31994]
Gen: 185, Best: 0.999271284563378
[  2.00000 536.87160   0.47166  -4.75106   1.31994]
Gen: 186, Best: 0.999271284563378
[  2.00000 536.87160   0.47166  -4.75106   1.31994]
Gen: 187, Best: 0.999271284563378
[  2.00000 536.87160   0.47166  -4.75106   1.31994]
Gen: 188, Best: 0.999271284563378
[  2.00000 536.87160   0.47166  -4.75106   1.31994]
Gen: 189, Best: 0.999271284563378
[  2.00000 536.87160   0.47166  -4.75106   1.31994]
Gen: 190, Best: 0.999271284563378
[  2.00000 536.87160   0.47166  -4.75106   1.31994]
Gen: 191, Best: 0.999271284563378
[  2.00000 536.87160   0.47166  -4.75106   1.31994]
Gen: 192, Best: 0.999271284563378
[  2.00000 536.87160   0.47166  -4.75106   1.31994]
Gen: 193, Best: 0.999271284563378
[  2.00000 536.87160   0.47166  -4.75106   1.31994]
Gen: 194, Best: 0.999271284563378
[  2.00000 536.87160   0.47166  -4.75106   1.31994]
Gen: 195, Best: 0.999271284563378
[  2.00000 536.87160   0.47166  -4.75106   1.31994]
Gen: 196, Best: 0.999271284563378
[  2.00000 536.87160   0.47166  -4.75106   1.31994]
Gen: 197, Best: 0.999271284563378
[  2.00000 536.87160   0.47166  -4.75106   1.31994]
Gen: 198, Best: 0.999271284563378
[  2.00000 536.87160   0.47166  -4.75106   1.31994]
Gen: 199, Best: 0.999271284563378
[  2.00000 536.87160   0.47166  -4.75106   1.31994]
Gen: 200, Best: 0.999271284563378
[  2.00000 536.87160   0.47166  -4.75106   1.31994]
Gen: 201, Best: 0.999271284563378
[  2.00000 536.87160   0.47166  -4.75106   1.31994]
Gen: 202, Best: 0.999271284563378
[  2.00000 536.87160   0.47166  -4.75106   1.31994]
Gen: 203, Best: 0.999271284563378
[  2.00000 536.87160   0.47166  -4.75106   1.31994]
Gen: 204, Best: 0.999271284563378
[  2.00000 536.87160   0.47166  -4.75106   1.31994]
Gen: 205, Best: 0.999271284563378
[  2.00000 536.87160   0.47166  -4.75106   1.31994]
Gen: 206, Best: 0.999271284563378
[  2.00000 536.87160   0.47166  -4.75106   1.31994]
Gen: 207, Best: 0.999271284563378
[  2.00000 536.87160   0.47166  -4.75106   1.31994]
Gen: 208, Best: 0.999271284563378
[  2.00000 536.87160   0.47166  -4.75106   1.31994]
Gen: 209, Best: 0.999271284563378
[  2.00000 536.87160   0.47166  -4.75106   1.31994]
Gen: 210, Best: 0.999271284563378
[  2.00000 536.87160   0.47166  -4.75106   1.31994]
Gen: 211, Best: 0.999271284563378
[  2.00000 536.87160   0.47166  -4.75106   1.31994]
Gen: 212, Best: 0.999271284563378
[  2.00000 536.87160   0.47166  -4.75106   1.31994]
Gen: 213, Best: 0.999271284563378
[  2.00000 536.87160   0.47166  -4.75106   1.31994]
Gen: 214, Best: 0.999271284563378
[  2.00000 536.87160   0.47166  -4.75106   1.31994]
Gen: 215, Best: 0.999271284563378
[  2.00000 536.87160   0.47166  -4.75106   1.31994]
Gen: 216, Best: 0.999271284563378
[  2.00000 536.87160   0.47166  -4.75106   1.31994]
Gen: 217, Best: 0.999271284563378
[  2.00000 536.87160   0.47166  -4.75106   1.31994]
Gen: 218, Best: 0.999271284563378
[  2.00000 536.87160   0.47166  -4.75106   1.31994]
Gen: 219, Best: 0.999271284563378
[  2.00000 536.87160   0.47166  -4.75106   1.31994]
Gen: 220, Best: 0.999271284563378
[  2.00000 536.87160   0.47166  -4.75106   1.31994]
Gen: 221, Best: 0.999271284563378
[  2.00000 536.87160   0.47166  -4.75106   1.31994]
Gen: 222, Best: 0.999271284563378
[  2.00000 536.87160   0.47166  -4.75106   1.31994]
Gen: 223, Best: 0.999271284563378
[  2.00000 536.87160   0.47166  -4.75106   1.31994]
Gen: 224, Best: 0.999271284563378
[  2.00000 536.87160   0.47166  -4.75106   1.31994]
Gen: 225, Best: 0.999271284563378
[  2.00000 536.87160   0.47166  -4.75106   1.31994]
Gen: 226, Best: 0.999271284563378
[  2.00000 536.87160   0.47166  -4.75106   1.31994]
Gen: 227, Best: 0.999271284563378
[  2.00000 536.87160   0.47166  -4.75106   1.31994]
Gen: 228, Best: 0.999271284563378
[  2.00000 536.87160   0.47166  -4.75106   1.31994]
Gen: 229, Best: 0.999271284563378
[  2.00000 536.87160   0.47166  -4.75106   1.31994]
Gen: 230, Best: 0.999271284563378
[  2.00000 536.87160   0.47166  -4.75106   1.31994]
Gen: 231, Best: 0.999271284563378
[  2.00000 536.87160   0.47166  -4.75106   1.31994]
Gen: 232, Best: 0.999271284563378
[  2.00000 536.87160   0.47166  -4.75106   1.31994]
Gen: 233, Best: 0.999271284563378
[  2.00000 536.87160   0.47166  -4.75106   1.31994]
Gen: 234, Best: 0.999271284563378
[  2.00000 536.87160   0.47166  -4.75106   1.31994]
Gen: 235, Best: 0.999271284563378
[  2.00000 536.87160   0.47166  -4.75106   1.31994]
Gen: 236, Best: 0.999271284563378
[  2.00000 536.87160   0.47166  -4.75106   1.31994]
Gen: 237, Best: 0.999271284563378
[  2.00000 536.87160   0.47166  -4.75106   1.31994]
Gen: 238, Best: 0.999271284563378
[  2.00000 536.87160   0.47166  -4.75106   1.31994]
Gen: 239, Best: 0.999271284563378
[  2.00000 536.87160   0.47166  -4.75106   1.31994]
Gen: 240, Best: 0.999271284563378
[  2.00000 536.87160   0.47166  -4.75106   1.31994]
Gen: 241, Best: 0.999271284563378
[  2.00000 536.87160   0.47166  -4.75106   1.31994]
Gen: 242, Best: 0.999271284563378
[  2.00000 536.87160   0.47166  -4.75106   1.31994]
Gen: 243, Best: 0.999271284563378
[  2.00000 536.87160   0.47166  -4.75106   1.31994]
Gen: 244, Best: 0.999271284563378
[  2.00000 536.87160   0.47166  -4.75106   1.31994]
Gen: 245, Best: 0.999271284563378
[  2.00000 536.87160   0.47166  -4.75106   1.31994]
Gen: 246, Best: 0.999271284563378
[  2.00000 536.87160   0.47166  -4.75106   1.31994]
Gen: 247, Best: 0.999271284563378
[    1.00000 34463.12841    31.52834     4.75106     2.68006]
Gen: 248, Best: 0.999271284563378
[    1.00000 34463.12841    31.52834     4.75106     2.68006]
Gen: 249, Best: 0.999271284563378
[    1.00000 34463.12841    31.52834     4.75106     2.68006]
Gen: 250, Best: 0.999271284563378
[    1.00000 34463.12841    31.52834     4.75106     2.68006]
Gen: 251, Best: 0.999271284563378
[    1.00000 34463.12841    31.52834     4.75106     2.68006]
Gen: 252, Best: 0.999271284563378
[    4.00000 34463.12841    31.52834     4.75106     2.68006]
Gen: 253, Best: 0.999271284563378
[    4.00000 34463.12841    31.52834     4.75106     2.68006]
Gen: 254, Best: 0.999271284563378
[    4.00000 34463.12841    31.52834     4.75106     2.68006]
Gen: 255, Best: 0.999271284563378
[    4.00000 34463.12841    31.52834     4.75106     2.68006]
Gen: 256, Best: 0.999271284563378
[    4.00000 34463.12841    31.52834     4.75106     2.68006]
Gen: 257, Best: 0.999271284563378
[    4.00000 34463.12841    31.52834     4.75106     2.68006]
Gen: 258, Best: 0.999271284563378
[    4.00000 34463.12841    31.52834     4.57092     2.68006]
Gen: 259, Best: 0.999271284563378
[    4.00000 34463.12841    31.52834     4.57092     2.68006]
Gen: 260, Best: 0.999271284563378
[    4.00000 34463.12841    31.52834     4.53360     2.68006]
Gen: 261, Best: 0.999271284563378
[    4.00000 34463.12841    31.52834     4.53360     2.68006]
Gen: 262, Best: 0.999271284563378
[    4.00000 34463.12841    31.52834     4.53360     2.68006]
Gen: 263, Best: 0.999271284563378
[    4.00000 34463.12841    31.52834     4.53360     2.68006]
Gen: 264, Best: 0.999271284563378
[    4.00000 34463.12841    31.52834     4.53360     1.85477]
Gen: 265, Best: 0.999271284563378
[    4.00000 34463.12841    31.52834     4.53360     1.85477]
Gen: 266, Best: 0.999271284563378
[    4.00000 34463.12841    31.52834     4.53360     1.85477]
Gen: 267, Best: 0.999271284563378
[    4.00000 34463.12841    31.52834     4.53360     1.85477]
Gen: 268, Best: 0.999271284563378
[    4.00000 34463.12841    31.52834     4.53360     1.85477]
Gen: 269, Best: 0.999271284563378
[    4.00000 34463.12841    31.52834     4.53360     1.85477]
Gen: 270, Best: 0.999271284563378
[    4.00000 34463.12841    31.52834     4.53360     1.85477]
Gen: 271, Best: 0.999271284563378
[    4.00000 34463.12841    31.52834     4.53360     1.85477]
Gen: 272, Best: 0.999271284563378
[    4.00000 34463.12841    31.52834     4.53360     1.85477]
Gen: 273, Best: 0.999271284563378
[    4.00000 34463.12841    31.52834     4.53360     1.85477]
Gen: 274, Best: 0.999271284563378
[    4.00000 34463.12841    31.52834     4.53360     1.85477]
Gen: 275, Best: 0.999271284563378
[    4.00000 34463.12841    31.52834     4.53360     1.85477]
Gen: 276, Best: 0.999271284563378
[    4.00000 34463.12841    31.52834     4.53360     1.85477]
Gen: 277, Best: 0.999271284563378
[    4.00000 34463.12841    31.52834     4.53360     1.85477]
Gen: 278, Best: 0.999271284563378
[    4.00000 34463.12841    31.52834     4.53360     1.85477]
Gen: 279, Best: 0.999271284563378
[    4.00000 34463.12841    31.52834     4.53360     1.85477]
Gen: 280, Best: 0.999271284563378
[    4.00000 34463.12841    31.52834     4.53360     1.85477]
Gen: 281, Best: 0.999271284563378
[    4.00000 34463.12841    31.52834     4.53360     1.85477]
Gen: 282, Best: 0.999271284563378
[    4.00000 34463.12841    31.52834     4.53360     1.85477]
Gen: 283, Best: 0.999271284563378
[    4.00000 34463.12841    31.52834     4.53360     1.85477]
Gen: 284, Best: 0.999271284563378
[    4.00000 34463.12841    31.52834     4.53360     1.85477]
Gen: 285, Best: 0.999271284563378
[    4.00000 34463.12841    31.52834     4.53360     1.85477]
Gen: 286, Best: 0.999271284563378
[    4.00000 34463.12841    31.52834     4.53360     1.85477]
Gen: 287, Best: 0.999271284563378
[    4.00000 34463.12841    31.52834     4.53360     1.85477]
Gen: 288, Best: 0.999271284563378
[    4.00000 34463.12841    31.52834     4.53360     1.85477]
Gen: 289, Best: 0.999271284563378
[    4.00000 34463.12841    31.52834     4.53360     1.85477]
Gen: 290, Best: 0.999271284563378
[    4.00000 34463.12841    31.52834     4.53360     1.85477]
Gen: 291, Best: 0.999271284563378
[    4.00000 34463.12841    31.52834     4.53360     1.85477]
Gen: 292, Best: 0.999271284563378
[    4.00000 34463.12841    31.52834     4.53360     1.85477]
Gen: 293, Best: 0.999271284563378
[    4.00000 34463.12841    31.52834     4.53360     1.85477]
Gen: 294, Best: 0.999271284563378
[    4.00000 34463.12841    31.52834     4.53360     1.85477]
Gen: 295, Best: 0.999271284563378
[    4.00000 34463.12841    31.52834     4.53360     1.85477]
Gen: 296, Best: 0.999271284563378
[    4.00000 34463.12841    31.52834     4.53360     1.85477]
Gen: 297, Best: 0.999271284563378
[    4.00000 34463.12841    31.52834     4.53360     1.85477]
Gen: 298, Best: 0.999271284563378
[    4.00000 34463.12841    31.52834     4.53360     1.85477]
Gen: 299, Best: 0.999271284563378
[    4.00000 34463.12841    31.52834     4.53360     1.85477]
Gen: 300, Best: 0.999271284563378
[    4.00000 34463.12841    31.52834     4.53360     1.85477]
Gen: 301, Best: 0.999271284563378
[    4.00000 34463.12841    31.52834     4.53360     1.85477]
Gen: 302, Best: 0.999271284563378
[    4.00000 34463.12841    31.52834     4.53360     1.85477]
Gen: 303, Best: 0.999271284563378
[    4.00000 34463.12841    31.52834     4.53360     1.85477]
Gen: 304, Best: 0.999271284563378
[    4.00000 34463.12841    31.52834     4.53360     1.85477]
Gen: 305, Best: 0.999271284563378
[    4.00000 34463.12841    31.52834     4.53360     1.85477]
Gen: 306, Best: 0.999271284563378
[    4.00000 34463.12841    31.52834     4.53360     1.85477]
Gen: 307, Best: 0.999271284563378
[    4.00000 34463.12841    31.52834     4.53360     1.85477]
Gen: 308, Best: 0.999271284563378
[    4.00000 34463.12841    31.52834     4.53360     1.85477]
Gen: 309, Best: 0.999271284563378
[    4.00000 34463.12841    31.52834     4.53360     1.85477]
Gen: 310, Best: 0.999271284563378
[    4.00000 34463.12841    31.52834     4.53360     1.85477]
Gen: 311, Best: 0.999271284563378
[    4.00000 34463.12841    31.52834     4.53360     1.85477]
Gen: 312, Best: 0.999271284563378
[    4.00000 34463.12841    31.52834     4.53360     1.85477]
Gen: 313, Best: 0.999271284563378
[    4.00000 34463.12841    31.52834     4.53360     1.85477]
Gen: 314, Best: 0.999271284563378
[    4.00000 34463.12841    31.52834     4.53360     1.85477]
Gen: 315, Best: 0.999271284563378
[    4.00000 34463.12841    31.52834     4.53360     1.85477]
Gen: 316, Best: 0.999271284563378
[    4.00000 34463.12841    31.52834     4.53360     1.85477]
Gen: 317, Best: 0.999271284563378
[    4.00000 34463.12841    31.52834     4.53360     1.85477]
Gen: 318, Best: 0.999271284563378
[    4.00000 34463.12841    31.52834     4.53360     1.85477]
Gen: 319, Best: 0.999271284563378
[    4.00000 34463.12841    31.52834     4.53360     1.85477]
Gen: 320, Best: 0.999271284563378
[    4.00000 34463.12841    31.52834     4.53360     1.85477]
Gen: 321, Best: 0.999271284563378
[    4.00000 34463.12841    31.52834     4.53360     1.85477]
Gen: 322, Best: 0.999271284563378
[    4.00000 34463.12841    31.52834     4.53360     1.85477]
Gen: 323, Best: 0.999271284563378
[    4.00000 34463.12841    31.52834     4.53360     1.85477]
Gen: 324, Best: 0.999271284563378
[    4.00000 34463.12841    31.52834     4.53360     1.85477]
Gen: 325, Best: 0.999271284563378
[    4.00000 34463.12841    31.52834     4.53360     1.85477]
Gen: 326, Best: 0.999271284563378
[    4.00000 34463.12841    31.52834     4.53360     1.85477]
Gen: 327, Best: 0.999271284563378
[    4.00000 34463.12841    31.52834     4.53360     1.85477]
Gen: 328, Best: 0.999271284563378
[    4.00000 34463.12841    31.52834     4.53360     1.85477]
Gen: 329, Best: 0.999271284563378
[    4.00000 34463.12841    31.52834     4.53360     1.85477]
Gen: 330, Best: 0.999271284563378
[    4.00000 34463.12841    31.52834     4.53360     1.85477]
Gen: 331, Best: 0.999271284563378
[    4.00000 34463.12841    31.52834     4.53360     1.85477]
Gen: 332, Best: 0.999271284563378
[    4.00000 34463.12841    31.52834     4.53360     1.85477]
Gen: 333, Best: 0.999271284563378
[    4.00000 34463.12841    31.52834     4.53360     1.85477]
Gen: 334, Best: 0.999271284563378
[    4.00000 34463.12841    31.52834     4.53360     1.85477]
Gen: 335, Best: 0.999271284563378
[    4.00000 34463.12841    31.52834     4.53360     1.85477]
Gen: 336, Best: 0.999271284563378
[    4.00000 34463.12841    31.52834     4.53360     1.85477]
Gen: 337, Best: 0.999271284563378
[    4.00000 34463.12841    31.52834     4.53360     1.85477]
Gen: 338, Best: 0.999271284563378
[    4.00000 34463.12841    31.52834     4.53360     1.85477]
Gen: 339, Best: 0.999271284563378
[    4.00000 34463.12841    31.52834     4.53360     1.85477]
Gen: 340, Best: 0.999271284563378
[    4.00000 34463.12841    31.52834     4.53360     1.85477]
Gen: 341, Best: 0.999271284563378
[    4.00000 34463.12841    31.52834     4.53360     1.85477]
Gen: 342, Best: 0.999271284563378
[    4.00000 34463.12841    31.52834     4.53360     1.85477]
Gen: 343, Best: 0.999271284563378
[    4.00000 34463.12841    31.52834     4.53360     1.85477]
Gen: 344, Best: 0.999271284563378
[    4.00000 34463.12841    31.52834     4.53360     1.85477]
Gen: 345, Best: 0.999271284563378
[    4.00000 34463.12841    31.52834     4.53360     1.85477]
Gen: 346, Best: 0.999271284563378
[    4.00000 34463.12841    31.52834     4.53360     1.85477]
Gen: 347, Best: 0.999271284563378
[    4.00000 34463.12841    31.52834     4.53360     1.85477]
Gen: 348, Best: 0.999271284563378
[    4.00000 34463.12841    31.52834     4.53360     1.85477]
Gen: 349, Best: 0.999271284563378
[    4.00000 34463.12841    31.52834     4.53360     1.85477]
Gen: 350, Best: 0.999271284563378
[  3.00000 536.87160   0.47166  -4.53360   2.14523]
Gen: 351, Best: 0.999271284563378
[  3.00000 536.87160   0.47166  -4.53360   2.14523]
Gen: 352, Best: 0.999271284563378
[  3.00000 536.87160   0.47166  -4.53360   2.14523]
Gen: 353, Best: 0.999271284563378
[  3.00000 536.87160   0.47166  -4.53360   2.14523]
Gen: 354, Best: 0.999271284563378
[  3.00000 536.87160   0.47166  -4.53360   2.14523]
Gen: 355, Best: 0.999271284563378
[  3.00000 536.87160   0.47166  -4.53360   2.14523]
Gen: 356, Best: 0.999271284563378
[  3.00000 536.87160   0.47166  -4.53360   2.14523]
Gen: 357, Best: 0.999271284563378
[  3.00000 536.87160   0.47166  -4.53360   2.14523]
Gen: 358, Best: 0.999271284563378
[  3.00000 536.87160   0.47166  -4.53360   2.14523]
Gen: 359, Best: 0.999271284563378
[  3.00000 536.87160   0.47166  -4.53360   2.14523]
Gen: 360, Best: 0.999271284563378
[  3.00000 536.87160   0.47166  -4.53360   2.14523]
Gen: 361, Best: 0.999271284563378
[  3.00000 536.87160   0.47166  -4.53360   2.14523]
Gen: 362, Best: 0.999271284563378
[  3.00000 536.87160   0.47166  -4.53360   2.14523]
Gen: 363, Best: 0.999271284563378
[  3.00000 536.87160   0.47166  -4.53360   2.14523]
Gen: 364, Best: 0.999271284563378
[  3.00000 536.87160   0.47166  -4.53360   2.14523]
Gen: 365, Best: 0.999271284563378
[  3.00000 536.87160   0.47166  -4.53360   2.14523]
Gen: 366, Best: 0.999271284563378
[  3.00000 536.87160   0.47166  -4.53360   2.14523]
Gen: 367, Best: 0.999271284563378
[  3.00000 536.87160   0.47166  -4.53360   2.14523]
Gen: 368, Best: 0.999271284563378
[  3.00000 536.87160   0.47166  -4.53360   2.14523]
Gen: 369, Best: 0.999271284563378
[  3.00000 536.87160   0.47166  -4.53360   2.14523]
Gen: 370, Best: 0.999271284563378
[  3.00000 536.87160   0.47166  -4.53360   2.14523]
Gen: 371, Best: 0.999271284563378
[   3.00000 5089.28400    0.47166   -4.53360    2.14523]
Gen: 372, Best: 0.999271284563378
[   3.00000 5089.28400    0.47166   -4.53360    2.14523]
Gen: 373, Best: 0.999271284563378
[   3.00000 5089.28400    0.47166   -4.53360    2.14523]
Gen: 374, Best: 0.999271284563378
[   3.00000 5089.28400    0.47166   -4.53360    2.14523]
Gen: 375, Best: 0.999271284563378
[   3.00000 5089.28400    0.47166   -4.53360    2.14523]
Gen: 376, Best: 0.999271284563378
[   3.00000 5089.28400    0.47166   -4.53360    2.14523]
Gen: 377, Best: 0.999271284563378
[   3.00000 5089.28400    0.47166   -4.53360    2.14523]
Gen: 378, Best: 0.999271284563378
[   3.00000 5089.28400    0.47166   -4.53360    2.14523]
Gen: 379, Best: 0.999271284563378
[   3.00000 5089.28400    0.47166   -4.53360    2.14523]
Gen: 380, Best: 0.999271284563378
[   3.00000 5089.28400    0.47166   -4.53360    2.14523]
Gen: 381, Best: 0.999271284563378
[   3.00000 5089.28400    0.47166   -4.45379    2.14523]
Gen: 382, Best: 0.999271284563378
[   3.00000 5089.28400    0.47166   -4.45379    2.14523]
Gen: 383, Best: 0.999271284563378
[   3.00000 5089.28400    0.47166   -4.45379    2.14523]
Gen: 384, Best: 0.999271284563378
[   3.00000 5089.28400    0.47166   -4.45379    2.14523]
Gen: 385, Best: 0.999271284563378
[   3.00000 5089.28400    0.47166   -4.45379    2.14523]
Gen: 386, Best: 0.999271284563378
[   3.00000 5089.28400    0.47166   -4.45379    2.14523]
Gen: 387, Best: 0.999271284563378
[   3.00000 5089.28400    0.47166   -4.45379    2.14523]
Gen: 388, Best: 0.999271284563378
[   3.00000 5089.28400    0.47166   -4.45379    2.14523]
Gen: 389, Best: 0.999271284563378
[   3.00000 5089.28400    0.47166   -4.45379    2.14523]
Gen: 390, Best: 0.999271284563378
[   3.00000 8669.20889    0.47166   -4.45379    2.14523]
Gen: 391, Best: 0.999271284563378
[   3.00000 8669.20889    0.47166   -4.45379    2.14523]
Gen: 392, Best: 0.999271284563378
[   3.00000 8669.20889    0.47166   -4.45379    2.14523]
Gen: 393, Best: 0.999271284563378
[   3.00000 8669.20889    0.47166   -4.45379    2.14523]
Gen: 394, Best: 0.999271284563378
[   3.00000 8669.20889    0.47166   -4.45379    2.14523]
Gen: 395, Best: 0.999271284563378
[   3.00000 8669.20889    0.47166   -4.45379    2.14523]
Gen: 396, Best: 0.999271284563378
[   3.00000 8669.20889    0.47166   -4.45379    2.14523]
Gen: 397, Best: 0.999271284563378
[   3.00000 8669.20889    0.47166   -4.45379    2.14523]
Gen: 398, Best: 0.999271284563378
[   3.00000 8669.20889    0.47166   -4.45379    2.14523]
Gen: 399, Best: 0.999271284563378
[   3.00000 8669.20889    0.47166   -4.45379    2.14523]
Gen: 400, Best: 0.999271284563378
[   3.00000 8669.20889    0.47166   -3.95239    2.14523]
Gen: 401, Best: 0.999271284563378
[   3.00000 8669.20889    0.47166   -3.95239    2.14523]
Gen: 402, Best: 0.999271284563378
[   3.00000 8669.20889    0.47166   -3.95239    2.14523]
Gen: 403, Best: 0.999271284563378
[   3.00000 8669.20889    0.47166   -3.95239    2.14523]
Gen: 404, Best: 0.999271284563378
[   3.00000 8669.20889    0.47166   -3.95239    2.14523]
Gen: 405, Best: 0.999271284563378
[   3.00000 8669.20889    0.47166   -3.95239    2.14523]
Gen: 406, Best: 0.999271284563378
[   3.00000 8669.20889    0.47166   -3.95239    2.14523]
Gen: 407, Best: 0.999271284563378
[   3.00000 8669.20889    0.47166   -3.95239    2.14523]
Gen: 408, Best: 0.999271284563378
[   3.00000 8669.20889    0.47166   -3.95239    2.14523]
Gen: 409, Best: 0.999271284563378
[   3.00000 8669.20889    0.47166   -3.95239    2.14523]
Gen: 410, Best: 0.999271284563378
[   3.00000 8669.20889    0.47166   -3.95239    2.14523]
Gen: 411, Best: 0.999271284563378
[   3.00000 8669.20889    0.47166   -3.95239    2.14523]
Gen: 412, Best: 0.999271284563378
[   3.00000 8669.20889    0.47166   -3.95239    2.14523]
Gen: 413, Best: 0.999271284563378
[   3.00000 8669.20889    0.47166   -3.95239    2.14523]
Gen: 414, Best: 0.999271284563378
[   3.00000 8669.20889    0.47166   -3.95239    2.14523]
Gen: 415, Best: 0.999271284563378
[   3.00000 8669.20889    0.47166   -3.95239    2.14523]
Gen: 416, Best: 0.999271284563378
[   3.00000 8669.20889    0.47166   -3.95239    2.14523]
Gen: 417, Best: 0.999271284563378
[   3.00000 8669.20889    0.47166   -3.95239    2.14523]
Gen: 418, Best: 0.999271284563378
[   3.00000 8669.20889    0.47166   -3.95239    2.14523]
Gen: 419, Best: 0.999271284563378
[   3.00000 8669.20889    0.47166   -3.95239    2.14523]
Gen: 420, Best: 0.999271284563378
[   3.00000 8669.20889    0.47166   -3.95239    2.14523]
Gen: 421, Best: 0.999271284563378
[   3.00000 8669.20889    0.47166   -3.95239    2.14523]
Gen: 422, Best: 0.999271284563378
[   3.00000 8669.20889    0.47166   -3.80884    2.14523]
Gen: 423, Best: 0.999271284563378
[   3.00000 8669.20889    0.47166   -3.80884    2.14523]
Gen: 424, Best: 0.999271284563378
[   3.00000 8669.20889    0.47166   -3.80884    2.14523]
Gen: 425, Best: 0.999271284563378
[   3.00000 8669.20889    0.47166   -3.80884    2.14523]
Gen: 426, Best: 0.999271284563378
[   3.00000 8669.20889    0.47166   -3.80884    2.14523]
Gen: 427, Best: 0.999271284563378
[   3.00000 8669.20889    0.47166   -3.80884    2.14523]
Gen: 428, Best: 0.999271284563378
[   3.00000 8669.20889    0.47166   -3.80884    2.14523]
Gen: 429, Best: 0.999271284563378
[   3.00000 8669.20889    0.47166   -3.80884    2.14523]
Gen: 430, Best: 0.999271284563378
[   3.00000 8669.20889    0.47166   -3.80884    2.14523]
Gen: 431, Best: 0.999271284563378
[   3.00000 8669.20889    0.47166   -3.80884    2.14523]
Gen: 432, Best: 0.999271284563378
[   3.00000 8669.20889    0.47166   -3.80884    2.14523]
Gen: 433, Best: 0.999271284563378
[   3.00000 8669.20889    0.47166   -3.80884    2.14523]
Gen: 434, Best: 0.999271284563378
[   3.00000 8669.20889    0.47166   -3.80884    2.14523]
Gen: 435, Best: 0.999271284563378
[   3.00000 8669.20889    0.47166   -3.80884    2.14523]
Gen: 436, Best: 0.999271284563378
[   3.00000 8669.20889    0.47166   -3.80884    2.14523]
Gen: 437, Best: 0.999271284563378
[   3.00000 8669.20889    0.47166   -3.80884    2.14523]
Gen: 438, Best: 0.999271284563378
[   3.00000 8669.20889    0.47166   -3.80884    2.14523]
Gen: 439, Best: 0.999271284563378
[   3.00000 8669.20889    0.47166   -3.80884    2.14523]
Gen: 440, Best: 0.999271284563378
[   3.00000 8669.20889    0.47166   -3.80884    2.14523]
Gen: 441, Best: 0.999271284563378
[   3.00000 8669.20889    0.47166   -3.80884    2.14523]
Gen: 442, Best: 0.999271284563378
[   3.00000 8669.20889    0.47166   -3.80884    2.14523]
Gen: 443, Best: 0.999271284563378
[   3.00000 8669.20889    0.47166   -3.80884    2.14523]
Gen: 444, Best: 0.999271284563378
[   3.00000 8669.20889    0.47166   -3.80884    2.14523]
Gen: 445, Best: 0.999271284563378
[   3.00000 8669.20889    0.47166   -3.80884    2.14523]
Gen: 446, Best: 0.999271284563378
[   3.00000 8669.20889    0.47166   -3.80884    2.14523]
Gen: 447, Best: 0.999271284563378
[   3.00000 8669.20889    0.47166   -3.80884    2.14523]
Gen: 448, Best: 0.999271284563378
[   3.00000 8669.20889    0.47166   -3.80884    2.14523]
Gen: 449, Best: 0.999271284563378
[   3.00000 8669.20889    0.47166   -3.80884    2.14523]
Gen: 450, Best: 0.999271284563378
[   3.00000 8669.20889    0.47166   -3.80884    2.14523]
Gen: 451, Best: 0.999271284563378
[   3.00000 8669.20889    0.47166   -3.80884    2.14523]
Gen: 452, Best: 0.999271284563378
[   3.00000 8669.20889    0.47166   -3.80884    2.14523]
Gen: 453, Best: 0.999271284563378
[   3.00000 8669.20889    0.47166   -3.80884    2.14523]
Gen: 454, Best: 0.999271284563378
[   3.00000 8669.20889    0.47166   -3.80884    2.14523]
Gen: 455, Best: 0.999271284563378
[   3.00000 8669.20889    0.47166   -3.80884    2.14523]
Gen: 456, Best: 0.999271284563378
[   3.00000 8669.20889    0.47166   -3.80884    2.14523]
Gen: 457, Best: 0.999271284563378
[   3.00000 8669.20889    0.47166   -3.80884    2.14523]
Gen: 458, Best: 0.999271284563378
[   3.00000 8669.20889    0.47166   -3.80884    2.14523]
Gen: 459, Best: 0.999271284563378
[   3.00000 8669.20889    0.47166   -3.80884    2.14523]
Gen: 460, Best: 0.999271284563378
[   3.00000 8669.20889    0.47166   -3.80884    2.14523]
Gen: 461, Best: 0.999271284563378
[   3.00000 8669.20889    0.47166   -3.80884    2.14523]
Gen: 462, Best: 0.999271284563378
[   3.00000 8669.20889    0.47166   -3.80884    2.14523]
Gen: 463, Best: 0.999271284563378
[   3.00000 8669.20889    0.47166   -3.80884    2.14523]
Gen: 464, Best: 0.999271284563378
[   3.00000 8669.20889    0.47166   -3.80884    2.14523]
Gen: 465, Best: 0.999271284563378
[   3.00000 8669.20889    0.47166   -3.80884    2.14523]
Gen: 466, Best: 0.999271284563378
[   3.00000 8669.20889    0.47166   -3.80884    2.14523]
Gen: 467, Best: 0.999271284563378
[   3.00000 8669.20889    0.47166   -3.80884    2.14523]
Gen: 468, Best: 0.999271284563378
[   3.00000 8669.20889    0.47166   -3.80884    2.14523]
Gen: 469, Best: 0.999271284563378
[   3.00000 8669.20889    0.47166   -3.80884    2.14523]
Gen: 470, Best: 0.999271284563378
[   3.00000 8669.20889    0.47166   -3.80884    2.14523]
Gen: 471, Best: 0.999271284563378
[   3.00000 8669.20889    0.47166   -3.80884    2.14523]
Gen: 472, Best: 0.999271284563378
[   3.00000 8669.20889    0.47166   -3.80884    2.14523]
Gen: 473, Best: 0.999271284563378
[   3.00000 8669.20889    0.47166   -3.80884    2.14523]
Gen: 474, Best: 0.999271284563378
[   3.00000 8669.20889    0.47166   -3.80884    2.14523]
Gen: 475, Best: 0.999271284563378
[   3.00000 8669.20889    0.47166   -3.80884    2.14523]
Gen: 476, Best: 0.999271284563378
[   3.00000 8669.20889    0.47166   -3.80884    2.14523]
Gen: 477, Best: 0.999271284563378
[   3.00000 8669.20889    0.47166   -3.80884    2.14523]
Gen: 478, Best: 0.999271284563378
[   3.00000 8669.20889    0.47166   -3.80884    2.14523]
Gen: 479, Best: 0.999271284563378
[   3.00000 8669.20889    0.47166   -3.80884    2.14523]
Gen: 480, Best: 0.999271284563378
[   3.00000 8669.20889    0.47166   -3.80884    2.14523]
Gen: 481, Best: 0.999271284563378
[   3.00000 8669.20889    0.47166   -3.80884    2.14523]
Gen: 482, Best: 0.999271284563378
[   3.00000 8669.20889    0.47166   -3.78024    2.14523]
Gen: 483, Best: 0.999271284563378
[   3.00000 8669.20889    0.47166   -3.78024    2.14523]
Gen: 484, Best: 0.999271284563378
[   3.00000 8669.20889    0.47166   -3.78024    2.14523]
Gen: 485, Best: 0.999271284563378
[   3.00000 8669.20889    0.47166   -3.78024    2.14523]
Gen: 486, Best: 0.999271284563378
[   3.00000 8669.20889    0.47166   -3.78024    2.14523]
Gen: 487, Best: 0.999271284563378
[   3.00000 8669.20889    0.47166   -3.78024    2.14523]
Gen: 488, Best: 0.999271284563378
[   3.00000 8669.20889    0.47166   -3.78024    2.14523]
Gen: 489, Best: 0.999271284563378
[   3.00000 8669.20889    0.47166   -3.78024    2.14523]
Gen: 490, Best: 0.999271284563378
[   3.00000 8669.20889    0.47166   -3.78024    2.14523]
Gen: 491, Best: 0.999271284563378
[   3.00000 8669.20889    0.47166   -3.78024    2.14523]
Gen: 492, Best: 0.999271284563378
[   3.00000 8669.20889    0.47166   -3.78024    2.14523]
Gen: 493, Best: 0.999271284563378
[   3.00000 8669.20889    0.47166   -3.78024    2.14523]
Gen: 494, Best: 0.999271284563378
[   3.00000 8669.20889    0.47166   -3.78024    2.14523]
Gen: 495, Best: 0.999271284563378
[   3.00000 8669.20889    0.47166   -3.78024    2.14523]
Gen: 496, Best: 0.999271284563378
[   3.00000 8669.20889    0.47166   -3.78024    2.14523]
Gen: 497, Best: 0.999271284563378
[   3.00000 8669.20889    0.47166   -3.78024    2.14523]
Gen: 498, Best: 0.999271284563378
[   3.00000 8669.20889    0.47166   -3.78024    2.14523]
Gen: 499, Best: 0.999271284563378
[   3.00000 8669.20889    0.47166   -3.78024    2.14523]
Gen: 500, Best: 0.999271284563378
[   3.00000 8669.20889    0.47166   -3.78024    2.14523]
Best Solution: 3.0, 8669.208889802652, 0.47165770469224455, -3.7802390052536183, 2.145232288653144
Best Accuracy: 0.9988462005586818
default Accuracy: 0.9972
実行時間: 119035.9234秒
SVMの実行時間: 119035.3322秒
SVMの実行時間: 33.0654秒
評価値:0.9993  [   3.00000 8669.20889    0.47166   -3.78024    2.14523]
評価値:0.9989  [    4.00000 23081.78698    24.50744    -2.32134     1.90322]
評価値:0.9987  [    4.00000 24728.88786    31.27946   -10.00000     1.00000]
評価値:0.9990  [   4.00000 6528.71141    0.84730    1.88867    1.99491]
評価値:0.9986  [   4.00000 7417.68596   11.67480   -2.39955    1.33976]
評価値:0.9987  [    4.00000 20698.86240    32.00000    -7.53071     1.29261]
評価値:0.9991  [    4.00000 16794.35483     4.99944     4.88708     2.71730]
評価値:0.9992  [  4.00000 281.93693   0.60061   4.43311   1.61717]
評価値:0.9987  [    4.00000 33054.35083    21.00873    -6.13793     1.10409]
評価値:0.9987  [  4.00000 917.74853  16.65795   2.69189   2.74529]
###############

2試行目

###############
初期化1 , Fitness:0.9973754340628279
[    2.00000 24992.50144    24.66338    -3.66859     1.42387]
初期化2 , Fitness:0.8375775660370962
[    3.00000 13264.10984     1.40783     1.24531     2.98178]
初期化3 , Fitness:0.9986254295532645
[    1.00000 28781.45796    27.66949    -3.10437     1.31195]
初期化4 , Fitness:0.6986169641089459
[   3.00000 5333.65658    9.84967    8.37638    2.45218]
初期化5 , Fitness:0.9987061820240165
[    4.00000 23855.45272    18.22609     0.36641     2.34236]
初期化6 , Fitness:0.9986254295532645
[    1.00000 27802.45833    29.25566     4.07395     1.32883]
初期化7 , Fitness:0.9986658041562223
[    4.00000 18805.76568    18.14430     7.11316     2.23000]
初期化8 , Fitness:0.705601736795498
[    3.00000 14493.63378    12.00181    -4.21393     1.76966]
初期化9 , Fitness:0.9988879228420647
[    4.00000 23177.53470     4.09209     6.89661     2.53684]
初期化10 , Fitness:0.9988273352203799
[    4.00000 22995.57033     7.42439     8.87141     2.09413]
Gen: 1, Best: 0.998906926845067
[    4.00000 24190.40513     4.09209     6.89661     2.53684]
Gen: 2, Best: 0.998906926845067
[    4.00000 24190.40513     4.09209     6.89661     2.53684]
Gen: 3, Best: 0.998906926845067
[    4.00000 24190.40513     4.09209     6.89661     2.53684]
Gen: 4, Best: 0.998906926845067
[    4.00000 24190.40513     4.09209     6.89661     2.53684]
Gen: 5, Best: 0.998906926845067
[    4.00000 24190.40513     4.09209     6.89661     2.53684]
Gen: 6, Best: 0.998906926845067
[    4.00000 24190.40513     4.09209     6.89661     2.53684]
Gen: 7, Best: 0.998906926845067
[    4.00000 24190.40513     4.09209     6.89661     2.53684]
Gen: 8, Best: 0.998906926845067
[    4.00000 24190.40513     4.09209     6.89661     2.53684]
Gen: 9, Best: 0.9989271689405288
[    4.00000 13264.10984     1.40783     1.04715     2.98178]
Gen: 10, Best: 0.9989271689405288
[    4.00000 13264.10984     1.40783     1.04715     2.98178]
Gen: 11, Best: 0.9989271689405288
[    4.00000 13264.10984     1.40783     1.04715     2.98178]
Gen: 12, Best: 0.9989271689405288
[    4.00000 13264.10984     1.40783     1.04715     2.98178]
Gen: 13, Best: 0.9989271689405288
[    4.00000 13264.10984     1.40783     1.04715     2.98178]
Gen: 14, Best: 0.9989271689405288
[    4.00000 13264.10984     1.40783     1.04715     2.98178]
Gen: 15, Best: 0.9989271689405288
[    4.00000 13264.10984     1.40783     1.04715     2.98178]
Gen: 16, Best: 0.9989474110359904
[    4.00000 19014.85647     2.91762     6.89661     2.53684]
Gen: 17, Best: 0.9989474110359904
[    4.00000 19014.85647     2.91762     6.89661     2.53684]
Gen: 18, Best: 0.9989474110359904
[    4.00000 19014.85647     2.91762     6.89661     2.53684]
Gen: 19, Best: 0.9989474110359904
[    4.00000 19014.85647     2.91762     6.89661     2.53684]
Gen: 20, Best: 0.9989474110359904
[    4.00000 19014.85647     2.91762     6.89661     2.53684]
Gen: 21, Best: 0.9989474110359904
[    4.00000 19014.85647     2.91762     6.89661     2.53684]
Gen: 22, Best: 0.9989474110359904
[    4.00000 19014.85647     2.91762     6.89661     2.53684]
Gen: 23, Best: 0.9989474110359904
[    4.00000 19014.85647     2.91762     6.89661     2.53684]
Gen: 24, Best: 0.9989474110359904
[    4.00000 19014.85647     2.91762     6.89661     2.53684]
Gen: 25, Best: 0.9989474110359904
[    4.00000 19014.85647     2.91762     6.89661     2.53684]
Gen: 26, Best: 0.9989474110359904
[    4.00000 19014.85647     2.91762     6.89661     2.53684]
Gen: 27, Best: 0.9989474110359904
[    4.00000 19014.85647     2.91762     6.89661     2.53684]
Gen: 28, Best: 0.9989474110359904
[    4.00000 19014.85647     2.91762     6.89661     2.53684]
Gen: 29, Best: 0.9989474110359904
[    4.00000 19014.85647     2.91762     6.89661     2.53684]
Gen: 30, Best: 0.9989474110359904
[    4.00000 19014.85647     2.91762     6.89661     2.53684]
Gen: 31, Best: 0.9990081373223756
[   4.00000 6358.21899    9.14629   10.00000    2.65722]
Gen: 32, Best: 0.9990081373223756
[   4.00000 6358.21899    9.14629   10.00000    2.65722]
Gen: 33, Best: 0.9990081373223756
[   4.00000 6358.21899    9.14629   10.00000    2.65722]
Gen: 34, Best: 0.9990081373223756
[   4.00000 6358.21899    9.14629   10.00000    2.65722]
Gen: 35, Best: 0.9990081373223756
[   4.00000 6358.21899    9.14629   10.00000    2.65722]
Gen: 36, Best: 0.9990081373223756
[   4.00000 6358.21899    9.14629   10.00000    2.65722]
Gen: 37, Best: 0.9990081373223756
[   4.00000 6358.21899    9.14629   10.00000    2.65722]
Gen: 38, Best: 0.9990081373223756
[   4.00000 6358.21899    9.14629   10.00000    2.65722]
Gen: 39, Best: 0.9990081373223756
[   4.00000 6358.21899    9.14629   10.00000    2.65722]
Gen: 40, Best: 0.9990283794178372
[    4.00000 19014.85647     3.55937     6.89661     2.53684]
Gen: 41, Best: 0.9990283794178372
[    4.00000 19014.85647     3.55937     6.89661     2.53684]
Gen: 42, Best: 0.9990283794178372
[    4.00000 19014.85647     3.55937     6.89661     2.53684]
Gen: 43, Best: 0.9990283794178372
[    4.00000 19014.85647     3.55937     6.89661     2.53684]
Gen: 44, Best: 0.9990283794178372
[    4.00000 19014.85647     3.55937     6.89661     2.53684]
Gen: 45, Best: 0.9990283794178372
[    4.00000 19014.85647     3.55937     6.89661     2.53684]
Gen: 46, Best: 0.9990283794178372
[    4.00000 19014.85647     3.55937     6.89661     2.53684]
Gen: 47, Best: 0.9990283794178372
[    4.00000 19014.85647     3.55937     6.89661     2.53684]
Gen: 48, Best: 0.9990283794178372
[    4.00000 19014.85647     3.55937     6.89661     2.53684]
Gen: 49, Best: 0.9990283794178372
[    4.00000 19014.85647     3.55937     6.89661     2.53684]
Gen: 50, Best: 0.9990283794178372
[    4.00000 19014.85647     3.55937     6.89661     2.53684]
Gen: 51, Best: 0.9990283794178372
[    4.00000 19014.85647     3.55937     6.89661     2.53684]
Gen: 52, Best: 0.9990283794178372
[    4.00000 19014.85647     3.55937     6.89661     2.53684]
Gen: 53, Best: 0.9990283794178372
[    4.00000 19014.85647     3.55937     6.89661     2.53684]
Gen: 54, Best: 0.9990283794178372
[    4.00000 19014.85647     3.55937     6.89661     2.53684]
Gen: 55, Best: 0.9990283794178372
[    4.00000 19014.85647     3.55937     6.89661     2.53684]
Gen: 56, Best: 0.9990283794178372
[    4.00000 19014.85647     3.55937     6.89661     2.53684]
Gen: 57, Best: 0.9990283794178372
[    4.00000 19014.85647     3.55937     6.89661     2.53684]
Gen: 58, Best: 0.9990283794178372
[    4.00000 19014.85647     3.55937     6.89661     2.53684]
Gen: 59, Best: 0.9990283794178372
[    4.00000 19014.85647     3.55937     6.89661     2.53684]
Gen: 60, Best: 0.9990283794178372
[    4.00000 19014.85647     3.55937     6.89661     2.53684]
Gen: 61, Best: 0.9990283794178372
[    4.00000 19014.85647     3.55937     6.89661     2.53684]
Gen: 62, Best: 0.9990283794178372
[    4.00000 19014.85647     3.55937     6.89661     2.53684]
Gen: 63, Best: 0.9990283794178372
[    4.00000 19014.85647     3.55937     6.89661     2.53684]
Gen: 64, Best: 0.9990283794178372
[    4.00000 19014.85647     3.55937     6.89661     2.53684]
Gen: 65, Best: 0.9990283794178372
[    4.00000 19014.85647     3.55937     6.89661     2.53684]
Gen: 66, Best: 0.9990283794178372
[    4.00000 19014.85647     3.55937     6.89661     2.53684]
Gen: 67, Best: 0.9990283794178372
[    4.00000 19014.85647     3.55937     6.89661     2.53684]
Gen: 68, Best: 0.9990283794178372
[    4.00000 19014.85647     3.55937     6.89661     2.53684]
Gen: 69, Best: 0.9990283794178372
[    4.00000 19014.85647     3.55937     6.89661     2.53684]
Gen: 70, Best: 0.9990283794178372
[    4.00000 19014.85647     3.55937     6.89661     2.53684]
Gen: 71, Best: 0.9990688636087608
[   4.00000 2283.43238    9.14629   10.00000    2.65722]
Gen: 72, Best: 0.9990688636087608
[   4.00000 2283.43238    9.14629   10.00000    2.65722]
Gen: 73, Best: 0.9990688636087608
[   4.00000 2283.43238    9.14629   10.00000    2.65722]
Gen: 74, Best: 0.9990688636087608
[   4.00000 2283.43238    9.14629   10.00000    2.65722]
Gen: 75, Best: 0.9990688636087608
[   4.00000 2283.43238    9.14629   10.00000    2.65722]
Gen: 76, Best: 0.9990688636087608
[   4.00000 2283.43238    9.14629   10.00000    2.65722]
Gen: 77, Best: 0.9990688636087608
[   4.00000 2283.43238    9.14629   10.00000    2.65722]
Gen: 78, Best: 0.9990688636087608
[   4.00000 2283.43238    9.14629   10.00000    2.65722]
Gen: 79, Best: 0.9990688636087608
[   4.00000 2283.43238    9.14629   10.00000    2.65722]
Gen: 80, Best: 0.9990688636087608
[   4.00000 2283.43238    9.14629   10.00000    2.65722]
Gen: 81, Best: 0.9990688636087608
[   4.00000 2283.43238    9.14629   10.00000    2.65722]
Gen: 82, Best: 0.9990688636087608
[   4.00000 2283.43238    9.14629   10.00000    2.65722]
Gen: 83, Best: 0.9990688636087608
[   4.00000 2283.43238    9.14629   10.00000    2.65722]
Gen: 84, Best: 0.9990688636087608
[   4.00000 2283.43238    9.14629   10.00000    2.65722]
Gen: 85, Best: 0.9990688636087608
[   4.00000 2283.43238    9.14629   10.00000    2.65722]
Gen: 86, Best: 0.9990688636087608
[   4.00000 2283.43238    9.14629   10.00000    2.65722]
Gen: 87, Best: 0.9990688636087608
[   4.00000 2283.43238    9.14629   10.00000    2.65722]
Gen: 88, Best: 0.9990688636087608
[   4.00000 2283.43238    9.14629   10.00000    2.65722]
Gen: 89, Best: 0.9990688636087608
[   4.00000 2283.43238    9.14629   10.00000    2.65722]
Gen: 90, Best: 0.9990688636087608
[   4.00000 2283.43238    9.14629   10.00000    2.65722]
Gen: 91, Best: 0.9990688636087608
[   4.00000 2283.43238    9.14629   10.00000    2.65722]
Gen: 92, Best: 0.9990688636087608
[   4.00000 2283.43238    9.14629   10.00000    2.65722]
Gen: 93, Best: 0.9990688636087608
[   4.00000 2283.43238    9.14629   10.00000    2.65722]
Gen: 94, Best: 0.9990688636087608
[   4.00000 2283.43238    9.14629   10.00000    2.65722]
Gen: 95, Best: 0.9990688636087608
[   4.00000 2283.43238    9.14629   10.00000    2.65722]
Gen: 96, Best: 0.9990688636087608
[   4.00000 2283.43238    9.14629   10.00000    2.65722]
Gen: 97, Best: 0.9990688636087608
[   4.00000 2283.43238    9.14629   10.00000    2.65722]
Gen: 98, Best: 0.9990688636087608
[   4.00000 2283.43238    9.14629   10.00000    2.65722]
Gen: 99, Best: 0.9990688636087608
[   4.00000 2283.43238    9.14629   10.00000    2.65722]
Gen: 100, Best: 0.9990688636087608
[   4.00000 2283.43238    9.14629   10.00000    2.65722]
Gen: 101, Best: 0.9990688636087608
[   4.00000 2283.43238    9.14629   10.00000    2.65722]
Gen: 102, Best: 0.9990688636087608
[   4.00000 2283.43238    9.14629   10.00000    2.65722]
Gen: 103, Best: 0.9990688636087608
[   4.00000 2283.43238    9.14629   10.00000    2.65722]
Gen: 104, Best: 0.9990688636087608
[   4.00000 2283.43238    9.14629   10.00000    2.65722]
Gen: 105, Best: 0.9990688636087608
[   4.00000 2283.43238    9.14629   10.00000    2.65722]
Gen: 106, Best: 0.9990688636087608
[   4.00000 2283.43238    9.14629   10.00000    2.65722]
Gen: 107, Best: 0.9990688636087608
[   4.00000 2283.43238    9.14629   10.00000    2.65722]
Gen: 108, Best: 0.9990688636087608
[   4.00000 2283.43238    9.14629   10.00000    2.65722]
Gen: 109, Best: 0.9990688636087608
[   4.00000 2283.43238    9.14629   10.00000    2.65722]
Gen: 110, Best: 0.9990688636087608
[   4.00000 2283.43238    9.14629   10.00000    2.65722]
Gen: 111, Best: 0.9990688636087608
[   4.00000 2283.43238    9.14629   10.00000    2.65722]
Gen: 112, Best: 0.9990688636087608
[   4.00000 2283.43238    9.14629   10.00000    2.65722]
Gen: 113, Best: 0.9990688636087608
[   4.00000 2283.43238    9.14629   10.00000    2.65722]
Gen: 114, Best: 0.9990688636087608
[   4.00000 2283.43238    9.14629   10.00000    2.65722]
Gen: 115, Best: 0.9990688636087608
[   4.00000 2283.43238    9.14629   10.00000    2.65722]
Gen: 116, Best: 0.9990688636087608
[   4.00000 2283.43238    9.14629   10.00000    2.65722]
Gen: 117, Best: 0.9990688636087608
[   4.00000 2283.43238    9.14629   10.00000    2.65722]
Gen: 118, Best: 0.9990688636087608
[   4.00000 2283.43238    9.14629   10.00000    2.65722]
Gen: 119, Best: 0.9990688636087608
[   4.00000 2283.43238    9.14629   10.00000    2.65722]
Gen: 120, Best: 0.9990688636087608
[   4.00000 2283.43238    9.14629   10.00000    2.65722]
Gen: 121, Best: 0.9990688636087608
[   4.00000 2283.43238    9.14629   10.00000    2.65722]
Gen: 122, Best: 0.9990688636087608
[   4.00000 2283.43238    9.14629   10.00000    2.65722]
Gen: 123, Best: 0.9990688636087608
[   4.00000 2283.43238    9.14629   10.00000    2.65722]
Gen: 124, Best: 0.9990688636087608
[   4.00000 2283.43238    9.14629   10.00000    2.65722]
Gen: 125, Best: 0.9990688636087608
[   4.00000 2283.43238    9.14629   10.00000    2.65722]
Gen: 126, Best: 0.9990688636087608
[   4.00000 2283.43238    9.14629   10.00000    2.65722]
Gen: 127, Best: 0.9990688636087608
[   4.00000 2283.43238    9.14629   10.00000    2.65722]
Gen: 128, Best: 0.9990688636087608
[   4.00000 2283.43238    9.14629   10.00000    2.65722]
Gen: 129, Best: 0.9990688636087608
[   4.00000 2283.43238    9.14629   10.00000    2.65722]
Gen: 130, Best: 0.9990688636087608
[   4.00000 2283.43238    9.14629   10.00000    2.65722]
Gen: 131, Best: 0.9990688636087608
[   4.00000 2283.43238    9.14629   10.00000    2.65722]
Gen: 132, Best: 0.9990688636087608
[   4.00000 2283.43238    9.14629   10.00000    2.65722]
Gen: 133, Best: 0.9990688636087608
[   4.00000 2283.43238    9.14629   10.00000    2.65722]
Gen: 134, Best: 0.9990688636087608
[   4.00000 2283.43238    9.14629   10.00000    2.65722]
Gen: 135, Best: 0.9990688636087608
[   4.00000 2283.43238    9.14629   10.00000    2.65722]
Gen: 136, Best: 0.9990688636087608
[   4.00000 2283.43238    9.14629   10.00000    2.65722]
Gen: 137, Best: 0.9990688636087608
[   4.00000 2283.43238    9.14629   10.00000    2.65722]
Gen: 138, Best: 0.9990688636087608
[   4.00000 2283.43238    9.14629   10.00000    2.65722]
Gen: 139, Best: 0.9990688636087608
[   4.00000 2283.43238    9.14629   10.00000    2.65722]
Gen: 140, Best: 0.9990688636087608
[   4.00000 2283.43238    9.14629   10.00000    2.65722]
Gen: 141, Best: 0.9990688636087608
[   4.00000 2283.43238    9.14629   10.00000    2.65722]
Gen: 142, Best: 0.9990688636087608
[   4.00000 2283.43238    9.14629   10.00000    2.65722]
Gen: 143, Best: 0.9990688636087608
[   4.00000 2283.43238    9.14629   10.00000    2.65722]
Gen: 144, Best: 0.9990688636087608
[   4.00000 2283.43238    9.14629   10.00000    2.65722]
Gen: 145, Best: 0.9990688636087608
[   4.00000 2283.43238    9.14629   10.00000    2.65722]
Gen: 146, Best: 0.9990688636087608
[   4.00000 2283.43238    9.14629   10.00000    2.65722]
Gen: 147, Best: 0.9990688636087608
[   4.00000 2283.43238    9.14629   10.00000    2.65722]
Gen: 148, Best: 0.9990688636087608
[   4.00000 2283.43238    9.14629   10.00000    2.65722]
Gen: 149, Best: 0.9990688636087608
[   4.00000 2283.43238    9.14629   10.00000    2.65722]
Gen: 150, Best: 0.9990688636087608
[   4.00000 2283.43238    9.14629   10.00000    2.65722]
Gen: 151, Best: 0.9990688636087608
[    4.00000 32716.56762    22.85371   -10.00000     1.34278]
Gen: 152, Best: 0.9990688636087608
[    4.00000 32716.56762    22.85371   -10.00000     1.34278]
Gen: 153, Best: 0.9990688636087608
[    4.00000 32716.56762    22.85371   -10.00000     1.34278]
Gen: 154, Best: 0.9990688636087608
[    4.00000 32716.56762    22.85371   -10.00000     1.34278]
Gen: 155, Best: 0.9990688636087608
[    4.00000 32716.56762    22.85371   -10.00000     1.34278]
Gen: 156, Best: 0.9990688636087608
[    4.00000 32716.56762    22.85371   -10.00000     1.34278]
Gen: 157, Best: 0.9990688636087608
[    4.00000 32716.56762    22.85371   -10.00000     1.34278]
Gen: 158, Best: 0.9990688636087608
[    4.00000 32716.56762    22.85371   -10.00000     1.34278]
Gen: 159, Best: 0.9990688636087608
[    4.00000 32716.56762    22.85371   -10.00000     1.34278]
Gen: 160, Best: 0.9990688636087608
[    4.00000 32716.56762    22.85371   -10.00000     1.34278]
Gen: 161, Best: 0.9990688636087608
[    4.00000 32716.56762    22.85371   -10.00000     1.34278]
Gen: 162, Best: 0.9990688636087608
[    4.00000 32716.56762    22.85371   -10.00000     1.34278]
Gen: 163, Best: 0.9990688636087608
[    4.00000 32716.56762    22.85371   -10.00000     1.34278]
Gen: 164, Best: 0.9990688636087608
[    4.00000 32716.56762    22.85371   -10.00000     1.34278]
Gen: 165, Best: 0.9990688636087608
[    4.00000 32716.56762    22.85371   -10.00000     1.34278]
Gen: 166, Best: 0.9990688636087608
[    4.00000 32716.56762    22.85371   -10.00000     1.34278]
Gen: 167, Best: 0.9990688636087608
[    4.00000 32716.56762    22.85371   -10.00000     1.34278]
Gen: 168, Best: 0.9990688636087608
[    4.00000 32716.56762    22.85371   -10.00000     1.34278]
Gen: 169, Best: 0.9990688636087608
[    4.00000 32716.56762    22.85371   -10.00000     1.34278]
Gen: 170, Best: 0.9990688636087608
[    4.00000 32716.56762    22.85371   -10.00000     1.34278]
Gen: 171, Best: 0.9990688636087608
[    4.00000 32716.56762    22.85371   -10.00000     1.34278]
Gen: 172, Best: 0.9990688636087608
[    4.00000 32716.56762    22.85371   -10.00000     1.34278]
Gen: 173, Best: 0.9990688636087608
[    4.00000 32716.56762    22.85371   -10.00000     1.34278]
Gen: 174, Best: 0.9990688636087608
[    4.00000 32716.56762    22.85371   -10.00000     1.34278]
Gen: 175, Best: 0.9990688636087608
[    4.00000 32716.56762    22.85371   -10.00000     1.34278]
Gen: 176, Best: 0.9990688636087608
[    4.00000 32716.56762    22.85371   -10.00000     1.34278]
Gen: 177, Best: 0.9990688636087608
[    4.00000 32716.56762    22.85371   -10.00000     1.34278]
Gen: 178, Best: 0.9990688636087608
[    4.00000 32716.56762    22.85371   -10.00000     1.34278]
Gen: 179, Best: 0.9990688636087608
[    4.00000 32716.56762    22.85371   -10.00000     1.34278]
Gen: 180, Best: 0.9990688636087608
[    4.00000 32716.56762    22.85371   -10.00000     1.34278]
Gen: 181, Best: 0.9990688636087608
[    4.00000 32716.56762    22.85371   -10.00000     1.34278]
Gen: 182, Best: 0.9990688636087608
[    4.00000 32716.56762    22.85371   -10.00000     1.34278]
Gen: 183, Best: 0.9990688636087608
[    4.00000 32716.56762    22.85371   -10.00000     1.34278]
Gen: 184, Best: 0.9990688636087608
[    4.00000 32716.56762    22.85371   -10.00000     1.34278]
Gen: 185, Best: 0.9990688636087608
[    4.00000 32716.56762    22.85371   -10.00000     1.34278]
Gen: 186, Best: 0.9990688636087608
[    4.00000 32716.56762    22.85371   -10.00000     1.34278]
Gen: 187, Best: 0.9990688636087608
[    4.00000 32716.56762    22.85371   -10.00000     1.34278]
Gen: 188, Best: 0.9990688636087608
[    4.00000 32716.56762    22.85371   -10.00000     1.34278]
Gen: 189, Best: 0.9990688636087608
[    4.00000 32716.56762    22.85371   -10.00000     1.34278]
Gen: 190, Best: 0.9990688636087608
[    4.00000 32716.56762    22.85371   -10.00000     1.34278]
Gen: 191, Best: 0.9990688636087608
[    4.00000 32716.56762    22.85371   -10.00000     1.34278]
Gen: 192, Best: 0.9990688636087608
[    4.00000 32716.56762    22.85371   -10.00000     1.34278]
Gen: 193, Best: 0.9990688636087608
[    4.00000 32716.56762    22.85371   -10.00000     1.34278]
Gen: 194, Best: 0.9990688636087608
[    4.00000 32716.56762    22.85371   -10.00000     1.34278]
Gen: 195, Best: 0.9990688636087608
[    4.00000 32716.56762    19.87742   -10.00000     1.34278]
Gen: 196, Best: 0.9990688636087608
[    4.00000 32716.56762    19.87742   -10.00000     1.34278]
Gen: 197, Best: 0.9990688636087608
[    4.00000 32716.56762    19.87742   -10.00000     1.34278]
Gen: 198, Best: 0.9990688636087608
[    4.00000 32716.56762    19.87742   -10.00000     1.34278]
Gen: 199, Best: 0.9990688636087608
[    4.00000 32716.56762    19.87742   -10.00000     1.34278]
Gen: 200, Best: 0.9990688636087608
[    4.00000 32716.56762    19.87742   -10.00000     1.34278]
Gen: 201, Best: 0.9990688636087608
[    4.00000 32716.56762    19.87742   -10.00000     1.34278]
Gen: 202, Best: 0.9990688636087608
[    4.00000 32716.56762    19.87742   -10.00000     1.34278]
Gen: 203, Best: 0.9990688636087608
[    4.00000 32716.56762    19.87742   -10.00000     1.34278]
Gen: 204, Best: 0.9990688636087608
[    4.00000 32716.56762    19.87742   -10.00000     1.34278]
Gen: 205, Best: 0.9990688636087608
[    4.00000 32716.56762    19.87742   -10.00000     1.34278]
Gen: 206, Best: 0.9990688636087608
[    4.00000 32716.56762    19.87742   -10.00000     1.34278]
Gen: 207, Best: 0.9990688636087608
[    4.00000 32716.56762    19.87742   -10.00000     1.34278]
Gen: 208, Best: 0.9990688636087608
[    4.00000 32716.56762    19.87742   -10.00000     1.34278]
Gen: 209, Best: 0.9990688636087608
[    4.00000 32716.56762    19.87742   -10.00000     1.34278]
Gen: 210, Best: 0.9990688636087608
[    4.00000 32716.56762    19.87742   -10.00000     1.34278]
Gen: 211, Best: 0.9990891057042224
[   3.00000 8517.97780    0.30787   -3.72278    2.47222]
Gen: 212, Best: 0.9990891057042224
[   3.00000 8517.97780    0.30787   -3.72278    2.47222]
Gen: 213, Best: 0.9990891057042224
[   3.00000 8517.97780    0.30787   -3.72278    2.47222]
Gen: 214, Best: 0.9990891057042224
[   3.00000 8517.97780    0.30787   -3.72278    2.47222]
Gen: 215, Best: 0.9990891057042224
[   3.00000 8517.97780    0.30787   -3.72278    2.47222]
Gen: 216, Best: 0.9990891057042224
[   3.00000 8517.97780    0.30787   -3.72278    2.47222]
Gen: 217, Best: 0.9990891057042224
[   3.00000 8517.97780    0.30787   -3.72278    2.47222]
Gen: 218, Best: 0.9991700740860694
[   3.00000 8517.97780    0.30787   -3.01767    2.47222]
Gen: 219, Best: 0.9991700740860694
[   3.00000 8517.97780    0.30787   -3.01767    2.47222]
Gen: 220, Best: 0.9991700740860694
[   3.00000 8517.97780    0.30787   -3.01767    2.47222]
Gen: 221, Best: 0.9991700740860694
[   3.00000 8517.97780    0.30787   -3.01767    2.47222]
Gen: 222, Best: 0.9991700740860694
[   3.00000 8517.97780    0.30787   -3.01767    2.47222]
Gen: 223, Best: 0.9991700740860694
[   3.00000 8517.97780    0.30787   -3.01767    2.47222]
Gen: 224, Best: 0.9991700740860694
[   3.00000 8517.97780    0.30787   -3.01767    2.47222]
Gen: 225, Best: 0.9991700740860694
[   3.00000 8517.97780    0.30787   -3.01767    2.47222]
Gen: 226, Best: 0.9992105582769928
[    3.00000 12732.78837     0.30787    -3.01767     2.47222]
Gen: 227, Best: 0.9992105582769928
[    3.00000 12732.78837     0.30787    -3.01767     2.47222]
Gen: 228, Best: 0.9992105582769928
[    3.00000 12732.78837     0.30787    -3.01767     2.47222]
Gen: 229, Best: 0.9992105582769928
[    3.00000 12732.78837     0.30787    -3.01767     2.47222]
Gen: 230, Best: 0.9992105582769928
[    3.00000 12732.78837     0.30787    -3.01767     2.47222]
Gen: 231, Best: 0.9992105582769928
[    3.00000 12732.78837     0.30787    -3.01767     2.47222]
Gen: 232, Best: 0.9992105582769928
[    3.00000 12732.78837     0.30787    -3.01767     2.47222]
Gen: 233, Best: 0.9992105582769928
[    3.00000 12732.78837     0.30787    -3.01767     2.47222]
Gen: 234, Best: 0.9992105582769928
[    3.00000 12732.78837     0.30787    -3.01767     2.47222]
Gen: 235, Best: 0.9992105582769928
[    3.00000 12732.78837     0.30787    -3.01767     2.47222]
Gen: 236, Best: 0.9992105582769928
[    3.00000 12732.78837     0.30787    -3.01767     2.47222]
Gen: 237, Best: 0.9992105582769928
[    3.00000 12732.78837     0.30787    -3.01767     2.47222]
Gen: 238, Best: 0.9992105582769928
[    3.00000 12732.78837     0.30787    -3.01767     2.47222]
Gen: 239, Best: 0.9992105582769928
[    3.00000 12732.78837     0.30787    -3.01767     2.47222]
Gen: 240, Best: 0.9992105582769928
[    3.00000 12732.78837     0.30787    -3.01767     2.47222]
Gen: 241, Best: 0.9992105582769928
[    3.00000 12732.78837     0.30787    -3.01767     2.47222]
Gen: 242, Best: 0.9992105582769928
[    3.00000 12732.78837     0.30787    -3.01767     2.47222]
Gen: 243, Best: 0.9992105582769928
[    3.00000 12732.78837     0.30787    -3.01767     2.47222]
Gen: 244, Best: 0.9992105582769928
[    3.00000 12732.78837     0.30787    -3.01767     2.47222]
Gen: 245, Best: 0.9992105582769928
[    3.00000 12732.78837     0.30787    -3.01767     2.47222]
Gen: 246, Best: 0.9992105582769928
[    3.00000 12732.78837     0.30787    -3.01767     2.47222]
Gen: 247, Best: 0.9992105582769928
[    3.00000 12732.78837     0.30787    -3.01767     2.47222]
Gen: 248, Best: 0.9992105582769928
[    3.00000 12732.78837     0.30787    -3.01767     2.47222]
Gen: 249, Best: 0.9992105582769928
[    3.00000 12732.78837     0.30787    -3.01767     2.47222]
Gen: 250, Best: 0.9992105582769928
[    3.00000 12732.78837     0.30787    -3.01767     2.47222]
Gen: 251, Best: 0.9992105582769928
[    3.00000 12732.78837     0.30787    -3.01767     2.47222]
Gen: 252, Best: 0.9992105582769928
[    3.00000 12732.78837     0.30787    -3.01767     2.47222]
Gen: 253, Best: 0.9992105582769928
[    3.00000 12732.78837     0.30787    -3.01767     2.47222]
Gen: 254, Best: 0.9992105582769928
[    3.00000 12732.78837     0.30787    -3.01767     2.47222]
Gen: 255, Best: 0.9992105582769928
[    3.00000 12732.78837     0.30787    -3.01767     2.47222]
Gen: 256, Best: 0.9992105582769928
[    3.00000 12732.78837     0.30787    -3.01767     2.47222]
Gen: 257, Best: 0.9992105582769928
[    3.00000 12732.78837     0.30787    -3.01767     2.47222]
Gen: 258, Best: 0.9992105582769928
[    3.00000 12732.78837     0.30787    -3.01767     2.47222]
Gen: 259, Best: 0.9992105582769928
[    3.00000 12732.78837     0.30787    -3.01767     2.47222]
Gen: 260, Best: 0.9992105582769928
[    3.00000 12732.78837     0.30787    -3.01767     2.47222]
Gen: 261, Best: 0.9992105582769928
[    3.00000 12732.78837     0.30787    -3.01767     2.47222]
Gen: 262, Best: 0.9992105582769928
[    3.00000 12732.78837     0.30787    -3.01767     2.47222]
Gen: 263, Best: 0.9992105582769928
[    3.00000 12732.78837     0.30787    -3.01767     2.47222]
Gen: 264, Best: 0.9992105582769928
[    3.00000 12732.78837     0.30787    -3.01767     2.47222]
Gen: 265, Best: 0.9992105582769928
[    3.00000 12732.78837     0.30787    -3.01767     2.47222]
Gen: 266, Best: 0.9992105582769928
[    3.00000 12732.78837     0.30787    -3.01767     2.47222]
Gen: 267, Best: 0.9992105582769928
[    3.00000 12732.78837     0.30787    -3.01767     2.47222]
Gen: 268, Best: 0.9992105582769928
[    3.00000 12732.78837     0.30787    -3.01767     2.47222]
Gen: 269, Best: 0.9992105582769928
[    3.00000 12732.78837     0.30787    -3.01767     2.47222]
Gen: 270, Best: 0.9992105582769928
[    3.00000 12732.78837     0.30787    -3.01767     2.47222]
Gen: 271, Best: 0.9992105582769928
[    3.00000 12732.78837     0.30787    -3.01767     2.47222]
Gen: 272, Best: 0.9992105582769928
[    3.00000 12732.78837     0.30787    -3.01767     2.47222]
Gen: 273, Best: 0.9992105582769928
[    3.00000 12732.78837     0.30787    -3.01767     2.47222]
Gen: 274, Best: 0.9992105582769928
[    3.00000 12732.78837     0.30787    -3.01767     2.47222]
Gen: 275, Best: 0.9992105582769928
[    3.00000 12732.78837     0.30787    -3.01767     2.47222]
Gen: 276, Best: 0.9992105582769928
[    3.00000 12732.78837     0.30787    -3.01767     2.47222]
Gen: 277, Best: 0.9992105582769928
[    3.00000 12732.78837     0.30787    -3.01767     2.47222]
Gen: 278, Best: 0.9992105582769928
[    3.00000 12732.78837     0.30787    -3.01767     2.47222]
Gen: 279, Best: 0.9992105582769928
[    3.00000 12732.78837     0.30787    -3.01767     2.47222]
Gen: 280, Best: 0.9992105582769928
[    3.00000 12732.78837     0.30787    -3.01767     2.47222]
Gen: 281, Best: 0.9992105582769928
[    3.00000 12732.78837     0.30787    -3.01767     2.47222]
Gen: 282, Best: 0.9992105582769928
[    3.00000 12732.78837     0.30787    -3.01767     2.47222]
Gen: 283, Best: 0.9992105582769928
[    3.00000 12732.78837     0.30787    -3.01767     2.47222]
Gen: 284, Best: 0.9992105582769928
[    3.00000 12732.78837     0.30787    -3.01767     2.47222]
Gen: 285, Best: 0.9992105582769928
[    3.00000 12732.78837     0.30787    -3.01767     2.47222]
Gen: 286, Best: 0.9992105582769928
[    3.00000 12732.78837     0.30787    -3.01767     2.47222]
Gen: 287, Best: 0.9992105582769928
[    3.00000 12732.78837     0.30787    -3.01767     2.47222]
Gen: 288, Best: 0.9992105582769928
[    3.00000 12732.78837     0.30787    -3.01767     2.47222]
Gen: 289, Best: 0.9992105582769928
[    3.00000 12732.78837     0.30787    -3.01767     2.47222]
Gen: 290, Best: 0.9992308003724546
[    3.00000 12732.78837     0.30787    -2.79467     2.47222]
Gen: 291, Best: 0.9992308003724546
[    3.00000 12732.78837     0.30787    -2.79467     2.47222]
Gen: 292, Best: 0.9992510424679164
[    3.00000 11571.50355     0.30787    -2.79467     2.47222]
Gen: 293, Best: 0.9992510424679164
[    3.00000 11571.50355     0.30787    -2.79467     2.47222]
Gen: 294, Best: 0.9992510424679164
[    3.00000 11571.50355     0.30787    -2.79467     2.47222]
Gen: 295, Best: 0.9992510424679164
[    3.00000 11571.50355     0.30787    -2.79467     2.47222]
Gen: 296, Best: 0.9992510424679164
[    3.00000 11571.50355     0.30787    -2.79467     2.47222]
Gen: 297, Best: 0.9992510424679164
[    3.00000 11571.50355     0.30787    -2.79467     2.47222]
Gen: 298, Best: 0.9992510424679164
[    3.00000 11571.50355     0.30787    -2.79467     2.47222]
Gen: 299, Best: 0.9992510424679164
[    3.00000 11571.50355     0.30787    -2.79467     2.47222]
Gen: 300, Best: 0.9992510424679164
[    3.00000 11571.50355     0.30787    -2.79467     2.47222]
Gen: 301, Best: 0.9992510424679164
[    3.00000 11571.50355     0.30787    -2.79467     2.47222]
Gen: 302, Best: 0.9992510424679164
[    3.00000 11571.50355     0.30787    -2.79467     2.47222]
Gen: 303, Best: 0.9992510424679164
[    3.00000 11571.50355     0.30787    -2.79467     2.47222]
Gen: 304, Best: 0.9992510424679164
[    3.00000 11571.50355     0.30787    -2.79467     2.47222]
Gen: 305, Best: 0.9992510424679164
[    3.00000 11571.50355     0.30787    -2.79467     2.47222]
Gen: 306, Best: 0.9992510424679164
[    3.00000 11571.50355     0.30787    -2.79467     2.47222]
Gen: 307, Best: 0.9992510424679164
[    3.00000 11571.50355     0.30787    -2.79467     2.47222]
Gen: 308, Best: 0.9992510424679164
[    3.00000 11571.50355     0.30787    -2.79467     2.47222]
Gen: 309, Best: 0.9992510424679164
[    3.00000 11571.50355     0.30787    -2.79467     2.47222]
Gen: 310, Best: 0.9992510424679164
[    3.00000 11571.50355     0.30787    -2.79467     2.47222]
Gen: 311, Best: 0.9992510424679164
[    3.00000 11571.50355     0.30787    -2.79467     2.47222]
Gen: 312, Best: 0.9992510424679164
[    3.00000 11571.50355     0.30787    -2.79467     2.47222]
Gen: 313, Best: 0.9992510424679164
[    3.00000 11571.50355     0.30787    -2.79467     2.47222]
Gen: 314, Best: 0.9992510424679164
[    3.00000 11571.50355     0.30787    -2.79467     2.47222]
Gen: 315, Best: 0.9992510424679164
[    3.00000 11571.50355     0.30787    -2.79467     2.47222]
Gen: 316, Best: 0.9992510424679164
[    3.00000 11571.50355     0.30787    -2.79467     2.47222]
Gen: 317, Best: 0.9992510424679164
[    3.00000 11571.50355     0.30787    -2.79467     2.47222]
Gen: 318, Best: 0.9992510424679164
[    3.00000 11571.50355     0.30787    -2.79467     2.47222]
Gen: 319, Best: 0.9992510424679164
[    3.00000 11571.50355     0.30787    -2.79467     2.47222]
Gen: 320, Best: 0.9992510424679164
[    3.00000 11571.50355     0.30787    -2.79467     2.47222]
Gen: 321, Best: 0.9992510424679164
[    3.00000 11571.50355     0.30787    -2.79467     2.47222]
Gen: 322, Best: 0.9992510424679164
[    3.00000 11571.50355     0.30787    -2.79467     2.47222]
Gen: 323, Best: 0.9992510424679164
[    3.00000 11571.50355     0.30787    -2.79467     2.47222]
Gen: 324, Best: 0.9992510424679164
[    3.00000 11571.50355     0.30787    -2.79467     2.47222]
Gen: 325, Best: 0.9992510424679164
[    3.00000 11571.50355     0.30787    -2.79467     2.47222]
Gen: 326, Best: 0.9992510424679164
[    3.00000 11571.50355     0.30787    -2.79467     2.47222]
Gen: 327, Best: 0.9992510424679164
[    3.00000 11571.50355     0.30787    -2.79467     2.47222]
Gen: 328, Best: 0.9992510424679164
[    3.00000 11571.50355     0.30787    -2.79467     2.47222]
Gen: 329, Best: 0.9992510424679164
[    3.00000 11571.50355     0.30787    -2.79467     2.47222]
Gen: 330, Best: 0.9992510424679164
[    3.00000 11571.50355     0.30787    -2.79467     2.47222]
Gen: 331, Best: 0.9992510424679164
[    3.00000 11571.50355     0.30787    -2.79467     2.47222]
Gen: 332, Best: 0.9992510424679164
[    3.00000 11571.50355     0.30787    -2.79467     2.47222]
Gen: 333, Best: 0.9992510424679164
[    3.00000 11571.50355     0.30787    -2.79467     2.47222]
Gen: 334, Best: 0.9992510424679164
[    3.00000 11571.50355     0.30787    -2.79467     2.47222]
Gen: 335, Best: 0.9992510424679164
[    3.00000 11571.50355     0.30787    -2.79467     2.47222]
Gen: 336, Best: 0.9992510424679164
[    3.00000 11571.50355     0.30787    -2.79467     2.47222]
Gen: 337, Best: 0.9992510424679164
[    3.00000 11571.50355     0.30787    -2.79467     2.47222]
Gen: 338, Best: 0.9992510424679164
[    3.00000 11571.50355     0.30787    -2.79467     2.47222]
Gen: 339, Best: 0.9992510424679164
[    3.00000 11571.50355     0.30787    -2.79467     2.47222]
Gen: 340, Best: 0.9992510424679164
[    3.00000 11571.50355     0.30787    -2.79467     2.47222]
Gen: 341, Best: 0.9992510424679164
[    3.00000 11571.50355     0.30787    -2.79467     2.47222]
Gen: 342, Best: 0.9992510424679164
[    3.00000 11571.50355     0.30787    -2.79467     2.47222]
Gen: 343, Best: 0.9992510424679164
[    3.00000 11571.50355     0.30787    -2.79467     2.47222]
Gen: 344, Best: 0.9992510424679164
[    3.00000 11571.50355     0.30787    -2.79467     2.47222]
Gen: 345, Best: 0.9992510424679164
[    3.00000 11571.50355     0.30787    -2.79467     2.47222]
Gen: 346, Best: 0.9992510424679164
[    3.00000 11571.50355     0.30787    -2.79467     2.47222]
Gen: 347, Best: 0.9992510424679164
[    3.00000 11571.50355     0.30787    -2.79467     2.47222]
Gen: 348, Best: 0.9992510424679164
[    3.00000 11571.50355     0.30787    -2.79467     2.47222]
Gen: 349, Best: 0.9992510424679164
[    3.00000 11571.50355     0.30787    -2.79467     2.47222]
Gen: 350, Best: 0.9992510424679164
[    3.00000 11571.50355     0.30787    -2.79467     2.47222]
Gen: 351, Best: 0.9992510424679164
[    3.00000 11571.50355     0.30787    -2.79467     2.47222]
Gen: 352, Best: 0.9992510424679164
[    3.00000 11571.50355     0.30787    -2.79467     2.47222]
Gen: 353, Best: 0.9992510424679164
[    3.00000 11571.50355     0.30787    -2.79467     2.47222]
Gen: 354, Best: 0.9992510424679164
[    3.00000 11571.50355     0.30787    -2.79467     2.47222]
Gen: 355, Best: 0.9992510424679164
[    3.00000 11571.50355     0.30787    -2.79467     2.47222]
Gen: 356, Best: 0.9992510424679164
[    3.00000 11571.50355     0.30787    -2.79467     2.47222]
Gen: 357, Best: 0.9992510424679164
[    3.00000 11571.50355     0.30787    -2.79467     2.47222]
Gen: 358, Best: 0.9992510424679164
[    3.00000 11571.50355     0.30787    -2.79467     2.47222]
Gen: 359, Best: 0.9992510424679164
[    3.00000 11571.50355     0.30787    -2.79467     2.47222]
Gen: 360, Best: 0.9992510424679164
[    3.00000 11571.50355     0.30787    -2.79467     2.47222]
Gen: 361, Best: 0.9992510424679164
[    3.00000 11571.50355     0.30787    -2.79467     2.47222]
Gen: 362, Best: 0.9992510424679164
[    3.00000 11571.50355     0.30787    -2.79467     2.47222]
Gen: 363, Best: 0.9992510424679164
[    3.00000 11571.50355     0.30787    -2.79467     2.47222]
Gen: 364, Best: 0.9992510424679164
[    3.00000 11571.50355     0.30787    -2.79467     2.47222]
Gen: 365, Best: 0.9992510424679164
[    3.00000 11571.50355     0.30787    -2.79467     2.47222]
Gen: 366, Best: 0.9992510424679164
[    3.00000 11571.50355     0.30787    -2.79467     2.47222]
Gen: 367, Best: 0.9992510424679164
[    3.00000 11571.50355     0.30787    -2.79467     2.47222]
Gen: 368, Best: 0.9992510424679164
[    3.00000 11571.50355     0.30787    -2.79467     2.47222]
Gen: 369, Best: 0.9992510424679164
[    3.00000 11571.50355     0.30787    -2.79467     2.47222]
Gen: 370, Best: 0.9992510424679164
[    3.00000 11571.50355     0.30787    -2.79467     2.47222]
Gen: 371, Best: 0.9992510424679164
[    3.00000 11571.50355     0.30787    -2.79467     2.47222]
Gen: 372, Best: 0.9992510424679164
[    3.00000 11571.50355     0.30787    -2.79467     2.47222]
Gen: 373, Best: 0.9992510424679164
[    3.00000 11571.50355     0.30787    -2.79467     2.47222]
Gen: 374, Best: 0.9992510424679164
[    1.00000 23428.49646    31.69213     2.79467     1.52778]
Gen: 375, Best: 0.999271284563378
[  2.00000 116.72198   0.59747  -2.38108   2.67117]
Gen: 376, Best: 0.999271284563378
[  2.00000 116.72198   0.59747  -2.38108   2.67117]
Gen: 377, Best: 0.999271284563378
[  2.00000 116.72198   0.59747  -2.38108   2.67117]
Gen: 378, Best: 0.999271284563378
[  2.00000 116.72198   0.59747  -2.38108   2.67117]
Gen: 379, Best: 0.999271284563378
[  2.00000 116.72198   0.59747  -2.38108   2.67117]
Gen: 380, Best: 0.999271284563378
[  2.00000 116.72198   0.59747  -2.38108   2.67117]
Gen: 381, Best: 0.999271284563378
[  2.00000 116.72198   0.59747  -2.38108   2.67117]
Gen: 382, Best: 0.999271284563378
[  2.00000 116.72198   0.59747  -2.38108   2.67117]
Gen: 383, Best: 0.999271284563378
[  2.00000 116.72198   0.59747  -2.38108   2.67117]
Gen: 384, Best: 0.999271284563378
[  2.00000 116.72198   0.59747  -2.38108   2.67117]
Gen: 385, Best: 0.999271284563378
[  2.00000 116.72198   0.59747  -2.38108   2.67117]
Gen: 386, Best: 0.999271284563378
[  2.00000 116.72198   0.59747  -2.38108   2.67117]
Gen: 387, Best: 0.999271284563378
[  2.00000 116.72198   0.59747  -2.38108   2.67117]
Gen: 388, Best: 0.999271284563378
[  2.00000 116.72198   0.59747  -2.38108   2.67117]
Gen: 389, Best: 0.999271284563378
[  2.00000 116.72198   0.59747  -2.38108   2.67117]
Gen: 390, Best: 0.999271284563378
[  2.00000 116.72198   0.59747  -2.38108   2.67117]
Gen: 391, Best: 0.999271284563378
[  2.00000 116.72198   0.59747  -2.38108   2.67117]
Gen: 392, Best: 0.999271284563378
[  2.00000 116.72198   0.59747  -2.38108   2.67117]
Gen: 393, Best: 0.999271284563378
[  2.00000 116.72198   0.59747  -2.38108   2.67117]
Gen: 394, Best: 0.999271284563378
[  2.00000 116.72198   0.59747  -2.38108   2.67117]
Gen: 395, Best: 0.999271284563378
[  2.00000 116.72198   0.59747  -2.38108   2.67117]
Gen: 396, Best: 0.999271284563378
[  2.00000 116.72198   0.59747  -2.38108   2.67117]
Gen: 397, Best: 0.999271284563378
[  2.00000 116.72198   0.59747  -2.38108   2.67117]
Gen: 398, Best: 0.999271284563378
[  2.00000 116.72198   0.59747  -2.38108   2.67117]
Gen: 399, Best: 0.999271284563378
[  2.00000 116.72198   0.59747  -2.38108   2.67117]
Gen: 400, Best: 0.999271284563378
[  2.00000 116.72198   0.59747  -2.38108   2.67117]
Gen: 401, Best: 0.999271284563378
[  2.00000 116.72198   0.59747  -2.38108   2.67117]
Gen: 402, Best: 0.999271284563378
[  2.00000 116.72198   0.59747  -2.38108   2.67117]
Gen: 403, Best: 0.999271284563378
[  2.00000 116.72198   0.59747  -2.38108   2.67117]
Gen: 404, Best: 0.9992915266588396
[  2.00000 116.72198   0.46949  -2.38108   2.67117]
Gen: 405, Best: 0.9992915266588396
[  2.00000 116.72198   0.46949  -2.38108   2.67117]
Gen: 406, Best: 0.9992915266588396
[  2.00000 116.72198   0.46949  -2.38108   2.67117]
Gen: 407, Best: 0.9992915266588396
[  2.00000 116.72198   0.46949  -2.38108   2.67117]
Gen: 408, Best: 0.9992915266588396
[  2.00000 116.72198   0.46949  -2.38108   2.67117]
Gen: 409, Best: 0.9992915266588396
[  2.00000 116.72198   0.46949  -2.38108   2.67117]
Gen: 410, Best: 0.9992915266588396
[  2.00000 116.72198   0.46949  -2.38108   2.67117]
Gen: 411, Best: 0.9992915266588396
[  2.00000 116.72198   0.46949  -2.38108   2.67117]
Gen: 412, Best: 0.9992915266588396
[  2.00000 116.72198   0.46949  -2.38108   2.67117]
Gen: 413, Best: 0.9992915266588396
[  2.00000 116.72198   0.46949  -2.38108   2.67117]
Gen: 414, Best: 0.9992915266588396
[  2.00000 116.72198   0.46949  -2.38108   2.67117]
Gen: 415, Best: 0.9992915266588396
[  2.00000 116.72198   0.46949  -2.38108   2.67117]
Gen: 416, Best: 0.9992915266588396
[  2.00000 116.72198   0.46949  -2.38108   2.67117]
Gen: 417, Best: 0.9992915266588396
[  2.00000 116.72198   0.46949  -2.38108   2.67117]
Gen: 418, Best: 0.9992915266588396
[  2.00000 116.72198   0.46949  -2.38108   2.67117]
Gen: 419, Best: 0.9992915266588396
[  2.00000 116.72198   0.46949  -2.38108   2.67117]
Gen: 420, Best: 0.9992915266588396
[  2.00000 116.72198   0.46949  -2.38108   2.67117]
Gen: 421, Best: 0.9992915266588396
[  2.00000 116.72198   0.46949  -2.38108   2.67117]
Gen: 422, Best: 0.9992915266588396
[  2.00000 116.72198   0.46949  -2.38108   2.67117]
Gen: 423, Best: 0.9992915266588396
[  2.00000 116.72198   0.46949  -2.38108   2.67117]
Gen: 424, Best: 0.9992915266588396
[  2.00000 116.72198   0.46949  -2.38108   2.67117]
Gen: 425, Best: 0.9992915266588396
[  2.00000 116.72198   0.46949  -2.38108   2.67117]
Gen: 426, Best: 0.9992915266588396
[  2.00000 116.72198   0.46949  -2.38108   2.67117]
Gen: 427, Best: 0.9992915266588396
[  2.00000 116.72198   0.46949  -2.38108   2.67117]
Gen: 428, Best: 0.9992915266588396
[  2.00000 116.72198   0.46949  -2.38108   2.67117]
Gen: 429, Best: 0.9992915266588396
[  2.00000 116.72198   0.46949  -2.38108   2.67117]
Gen: 430, Best: 0.9992915266588396
[  2.00000 116.72198   0.46949  -2.38108   2.67117]
Gen: 431, Best: 0.9992915266588396
[  2.00000 116.72198   0.46949  -2.38108   2.67117]
Gen: 432, Best: 0.9992915266588396
[  2.00000 116.72198   0.46949  -2.38108   2.67117]
Gen: 433, Best: 0.9992915266588396
[  2.00000 116.72198   0.46949  -2.38108   2.67117]
Gen: 434, Best: 0.9992915266588396
[  2.00000 116.72198   0.46949  -2.38108   2.67117]
Gen: 435, Best: 0.9992915266588396
[  2.00000 116.72198   0.46949  -2.38108   2.67117]
Gen: 436, Best: 0.9992915266588396
[  2.00000 116.72198   0.46949  -2.38108   2.67117]
Gen: 437, Best: 0.9992915266588396
[  2.00000 116.72198   0.46949  -2.38108   2.67117]
Gen: 438, Best: 0.9992915266588396
[  2.00000 116.72198   0.46949  -2.38108   2.67117]
Gen: 439, Best: 0.9992915266588396
[  2.00000 116.72198   0.46949  -2.38108   2.67117]
Gen: 440, Best: 0.9992915266588396
[  2.00000 116.72198   0.46949  -2.38108   2.67117]
Gen: 441, Best: 0.9992915266588396
[  2.00000 116.72198   0.46949  -2.38108   2.67117]
Gen: 442, Best: 0.9992915266588396
[  2.00000 116.72198   0.46949  -2.38108   2.67117]
Gen: 443, Best: 0.9992915266588396
[  2.00000 116.72198   0.46949  -2.38108   2.67117]
Gen: 444, Best: 0.9992915266588396
[  2.00000 116.72198   0.46949  -2.38108   2.67117]
Gen: 445, Best: 0.9992915266588396
[  2.00000 116.72198   0.46949  -2.38108   2.67117]
Gen: 446, Best: 0.9992915266588396
[  2.00000 116.72198   0.46949  -2.38108   2.67117]
Gen: 447, Best: 0.9992915266588396
[  2.00000 116.72198   0.46949  -2.38108   2.67117]
Gen: 448, Best: 0.9992915266588396
[  2.00000 116.72198   0.46949  -2.38108   2.67117]
Gen: 449, Best: 0.9992915266588396
[  2.00000 116.72198   0.46949  -2.38108   2.67117]
Gen: 450, Best: 0.9992915266588396
[  2.00000 116.72198   0.46949  -2.38108   2.67117]
Gen: 451, Best: 0.9992915266588396
[  2.00000 116.72198   0.46949  -2.38108   2.67117]
Gen: 452, Best: 0.9992915266588396
[  2.00000 116.72198   0.46949  -2.38108   2.67117]
