正規化(0で有効): 0
データセット: kdd99
打ち切り学習回数: -1.0e+00
コロニーサイズ: 10
偵察バチのLIMIT: 100
サイクル数: 5
試行回数: 5
###############

1試行目

###############
初期化1 , Fitness:0.9915696507426737
[0.49766 0.10419 0.71905 0.80837 0.71046 0.38237 0.78326 0.08438 0.05065
 0.72875 0.18681 0.88913 0.49497 0.73144 0.38818 0.61962 0.53173 0.31089
 0.80804 0.67180 0.04479 0.40571 0.21615 0.31590 0.53459 0.65887 0.97837
 0.73018 0.91292 0.41168 0.81175 0.58028 0.09467 0.82830 0.40996 0.54875
 0.01719 0.99519 0.69654 0.51874]
初期化2 , Fitness:0.9911717495987158
[0.04467 0.42309 0.41494 0.32754 0.50198 0.71937 0.04285 0.70831 0.29060
 0.12548 0.80131 0.88292 0.58930 0.83556 0.43617 0.82484 0.15000 0.07175
 0.72992 0.04492 0.86472 0.10679 0.19325 0.18019 0.73658 0.33061 0.44919
 0.03909 0.11376 0.32465 0.71042 0.45054 0.56949 0.49495 0.55793 0.28530
 0.43289 0.94846 0.21445 0.86934]
初期化3 , Fitness:0.9935639581657282
[0.05266 0.86593 0.73875 0.51062 0.04007 0.13632 0.37670 0.96511 0.55924
 0.31892 0.56986 0.86996 0.48678 0.14889 0.92875 0.67152 0.07071 0.74247
 0.38759 0.86383 0.78955 0.87366 0.36754 0.72554 0.04538 0.41026 0.32393
 0.73599 0.75169 0.85077 0.94030 0.72769 0.55907 0.84569 0.79229 0.76496
 0.23430 0.94732 0.65752 0.84177]
初期化4 , Fitness:0.9913706602448326
[0.59795 0.06423 0.71747 0.45181 0.36703 0.15150 0.76728 0.82855 0.27676
 0.18367 0.16350 0.98583 0.54512 0.18198 0.45036 0.18627 0.94415 0.22234
 0.87236 0.11188 0.36335 0.34273 0.36110 0.81556 0.67587 0.67230 0.05504
 0.59958 0.58605 0.41171 0.25801 0.13857 0.41066 0.41740 0.56529 0.84794
 0.61685 0.00603 0.11789 0.42700]
初期化5 , Fitness:0.9943639291465377
[0.71920 0.21476 0.53729 0.16390 0.60355 0.76908 0.50098 0.38443 0.18250
 0.50122 0.03272 0.46756 0.40998 0.12584 0.99637 0.74763 0.19999 0.42524
 0.72506 0.09096 0.94892 0.96044 0.37510 0.88683 0.36699 0.40017 0.85152
 0.04913 0.23942 0.71550 0.46529 0.72843 0.28746 0.30050 0.68066 0.58759
 0.20440 0.97272 0.60228 0.95445]
初期化6 , Fitness:0.9921671018276761
[0.59747 0.42519 0.51993 0.87729 0.72519 0.53306 0.27732 0.79213 0.92781
 0.70204 0.42720 0.10801 0.26160 0.67735 0.91594 0.06871 0.55939 0.59095
 0.51934 0.37855 0.25732 0.95128 0.18874 0.17381 0.48861 0.61257 0.93114
 0.01525 0.89715 0.99504 0.54814 0.19204 0.33617 0.03839 0.37335 0.93260
 0.92593 0.92191 0.93528 0.79800]
初期化7 , Fitness:0.9856344772545891
[0.77223 0.33778 0.06426 0.52932 0.82730 0.46084 0.30570 0.09940 0.91485
 0.72962 0.71338 0.67767 0.61854 0.11617 0.43003 0.72204 0.25928 0.24695
 0.69604 0.03156 0.24515 0.30288 0.18858 0.81844 0.40452 0.88806 0.62989
 0.40275 0.59624 0.24497 0.42747 0.12336 0.30307 0.21275 0.90554 0.14738
 0.30581 0.17281 0.48041 0.57644]
初期化8 , Fitness:0.993963782696177
[0.23936 0.39539 0.27657 0.23424 0.88102 0.73283 0.31180 0.29869 0.88227
 0.11891 0.34426 0.37389 0.66324 0.45997 0.59066 0.15795 0.76234 0.19366
 0.71632 0.02997 0.92414 0.22517 0.33821 0.43001 0.93703 0.32733 0.44548
 0.84111 0.05627 0.98732 0.80500 0.34324 0.61524 0.12557 0.85792 0.98970
 0.57312 0.92980 0.72116 0.07103]
初期化9 , Fitness:0.9919678714859439
[0.89200 0.54216 0.00881 0.56464 0.93153 0.20243 0.63100 0.83743 0.76450
 0.90598 0.27263 0.91163 0.92685 0.95369 0.34879 0.51164 0.61116 0.83073
 0.98033 0.79907 0.38825 0.17486 0.45454 0.17858 0.07634 0.42921 0.76421
 0.63530 0.64134 0.70126 0.87474 0.74002 0.62215 0.53397 0.15322 0.00758
 0.80082 0.02613 0.58835 0.42145]
初期化10 , Fitness:0.994163815657074
[0.49096 0.21659 0.54290 0.63383 0.39898 0.99764 0.86815 0.71396 0.47013
 0.40477 0.04647 0.53942 0.56003 0.40533 0.37314 0.96294 0.13826 0.30495
 0.70878 0.83189 0.40392 0.21555 0.62132 0.25853 0.70286 0.26670 0.76200
 0.95291 0.05712 0.40266 0.09060 0.45866 0.10122 0.29064 0.37797 0.92929
 0.88000 0.95948 0.87935 0.23994]
Gen: 1, Best: 0.9943319838056679
[0.71920 0.21476 0.53729 0.16390 0.60355 0.76908 0.50098 0.38443 0.18250
 0.50122 0.03272 0.46756 0.40998 0.12584 0.99637 0.74763 0.19999 0.42524
 0.72506 0.09096 0.94892 0.96044 0.37510 0.88683 0.36699 0.40017 0.85152
 0.04913 0.23942 0.71550 0.46529 0.72843 0.28746 0.30050 0.68066 0.58759
 0.20440 0.97272 0.60228 0.95445]
Gen: 2, Best: 0.9943319838056679
[0.71920 0.21476 0.53729 0.16390 0.60355 0.76908 0.50098 0.38443 0.18250
 0.50122 0.03272 0.46756 0.40998 0.12584 0.99637 0.74763 0.19999 0.42524
 0.72506 0.09096 0.94892 0.96044 0.37510 0.88683 0.36699 0.40017 0.85152
 0.04913 0.23942 0.71550 0.46529 0.72843 0.28746 0.30050 0.68066 0.58759
 0.20440 0.97272 0.60228 0.95445]
Gen: 3, Best: 0.9943319838056679
[0.71920 0.21476 0.53729 0.16390 0.60355 0.76908 0.50098 0.38443 0.18250
 0.50122 0.03272 0.46756 0.40998 0.12584 0.99637 0.74763 0.19999 0.42524
 0.72506 0.09096 0.94892 0.96044 0.37510 0.88683 0.36699 0.40017 0.85152
 0.04913 0.23942 0.71550 0.46529 0.72843 0.28746 0.30050 0.68066 0.58759
 0.20440 0.97272 0.60228 0.95445]
Gen: 4, Best: 0.9943319838056679
[0.71920 0.21476 0.53729 0.16390 0.60355 0.76908 0.50098 0.38443 0.18250
 0.50122 0.03272 0.46756 0.40998 0.12584 0.99637 0.74763 0.19999 0.42524
 0.72506 0.09096 0.94892 0.96044 0.37510 0.88683 0.36699 0.40017 0.85152
 0.04913 0.23942 0.71550 0.46529 0.72843 0.28746 0.30050 0.68066 0.58759
 0.20440 0.97272 0.60228 0.95445]
Gen: 5, Best: 0.9949392712550607
[0.49096 0.21659 0.54290 0.63383 0.39898 0.99764 0.86815 0.71396 0.47013
 0.40477 0.04647 0.53942 0.56003 0.40533 0.37314 0.96294 0.13826 0.30495
 0.70878 0.83189 0.40392 0.21555 0.62132 0.25853 0.70286 0.26670 0.76200
 0.95291 0.05712 0.40266 0.09060 0.52350 0.10122 0.29064 0.37797 0.92929
 0.88000 0.95948 0.87935 0.23994]
True Positives (TP): 3935
True Negatives (TN): 980
False Positives (FP): 7
False Negatives (FN): 18
検知率: 0.9954
誤警報率: 0.0071
適合率: 0.9982
F値: 0.9968
誤分類したデータ (正解ラベルでソート):
True: DoS, Predicted: normal
True: DoS, Predicted: normal
True: DoS, Predicted: Probe
True: DoS, Predicted: normal
True: DoS, Predicted: normal
True: DoS, Predicted: normal
True: DoS, Predicted: normal
True: DoS, Predicted: normal
True: Probe, Predicted: normal
True: Probe, Predicted: normal
True: Probe, Predicted: normal
True: Probe, Predicted: normal
True: Probe, Predicted: normal
True: Probe, Predicted: normal
True: Probe, Predicted: DoS
True: R2L, Predicted: normal
True: R2L, Predicted: normal
True: R2L, Predicted: normal
True: R2L, Predicted: normal
True: R2L, Predicted: normal
True: normal, Predicted: DoS
True: normal, Predicted: Probe
True: normal, Predicted: Probe
True: normal, Predicted: Probe
True: normal, Predicted: Probe
True: normal, Predicted: DoS
True: normal, Predicted: DoS

誤分類(正解):
DoS       8
Probe     7
normal    7
R2L       5

誤分類(予測):
normal    18
Probe      5
DoS        4

------学習セット-----
精度: 0.9993927125506072
誤分類(正解):
Probe    1
DoS      1
R2L      1

誤分類(予測):
normal    2
DoS       1

------検証セット-----
精度: 0.9949392712550608
誤分類(正解):
normal    7
R2L       7
Probe     6
DoS       5

誤分類(予測):
normal    16
Probe      5
DoS        4
Best Solution: [0.49096 0.21659 0.54290 0.63383 0.39898 0.99764 0.86815 0.71396 0.47013
 0.40477 0.04647 0.53942 0.56003 0.40533 0.37314 0.96294 0.13826 0.30495
 0.70878 0.83189 0.40392 0.21555 0.62132 0.25853 0.70286 0.26670 0.76200
 0.95291 0.05712 0.40266 0.09060 0.52350 0.10122 0.29064 0.37797 0.92929
 0.88000 0.95948 0.87935 0.23994]
精度: 0.9945344129554656
C = 17183.647190214622
gamma = 6.930804070815687
デフォルト精度: 0.9978543378810575
実行時間: 11.1166秒
SVMの実行時間: 11.1059秒
SVMの実行時間H: 0.0031時間
精度:0.9915  [0.49766 0.10419 0.71905 0.80837 0.71046 0.38237 0.78326 0.08438 0.05065
 0.72875 0.18681 0.88913 0.49497 0.73144 0.38818 0.61962 0.53173 0.31089
 0.80804 0.67180 0.04479 0.40571 0.21615 0.31590 0.53459 0.65887 0.97837
 0.73018 0.91292 0.41168 0.81175 0.58028 0.09467 0.82830 0.40996 0.54875
 0.01719 0.99519 0.69654 0.51874]
精度:0.9933  [0.04467 0.42309 0.41494 0.32754 0.50198 0.71937 0.04285 0.70831 0.29060
 0.12548 0.80131 0.88292 0.58930 0.83556 0.43617 0.82484 0.15000 0.07175
 0.72992 0.04492 0.86472 0.10679 0.19325 0.18019 0.73658 0.33061 0.44919
 0.03909 0.72890 0.32465 0.71042 0.45054 0.56949 0.49495 0.55793 0.28530
 0.43289 0.94846 0.21445 0.86934]
精度:0.9935  [0.05266 0.86593 0.73875 0.51062 0.04007 0.13632 0.37670 0.96511 0.55924
 0.31892 0.56986 0.86996 0.48678 0.14889 0.92875 0.67152 0.07071 0.74247
 0.38759 0.86383 0.78955 0.87366 0.36754 0.72554 0.04538 0.41026 0.32393
 0.73599 0.75169 0.85077 0.94030 0.72769 0.55907 0.84569 0.79229 0.76496
 0.23430 0.94732 0.65752 0.84177]
精度:0.9935  [0.28814 0.06423 0.71747 0.45181 0.36703 0.15150 0.76728 0.82855 0.27676
 0.18367 0.16350 0.98583 0.54512 0.18198 0.45036 0.18627 0.94415 0.22234
 0.87236 0.11188 0.36335 0.34273 0.36110 0.81556 0.67587 0.67230 0.05504
 0.59958 0.58605 0.41171 0.25801 0.13857 0.60939 0.41740 0.56529 0.84794
 0.61685 0.00603 0.11789 0.58648]
精度:0.9943  [0.71920 0.21476 0.53729 0.16390 0.60355 0.76908 0.50098 0.38443 0.18250
 0.50122 0.03272 0.46756 0.40998 0.12584 0.99637 0.74763 0.19999 0.42524
 0.72506 0.09096 0.94892 0.96044 0.37510 0.88683 0.36699 0.40017 0.85152
 0.04913 0.23942 0.71550 0.46529 0.72843 0.28746 0.30050 0.68066 0.58759
 0.20440 0.97272 0.60228 0.95445]
精度:0.9939  [0.59747 0.42519 0.51993 0.87729 0.72519 0.53306 0.27732 0.79213 0.92781
 0.70204 0.57406 0.10801 0.26160 0.67735 0.91594 0.06871 0.55939 0.59095
 0.51934 0.37855 0.25732 0.95128 0.18874 0.17381 0.48861 0.61257 0.93114
 0.01525 0.89715 0.99504 0.54814 0.19204 0.33617 0.03839 0.37335 0.93260
 0.92593 0.92191 0.93528 0.79800]
精度:0.9881  [0.77223 0.81178 0.06426 0.52932 0.82730 0.46084 0.30570 0.09940 0.91485
 0.72962 0.71338 0.67767 0.61854 0.11617 0.43003 0.72204 0.25928 0.24695
 0.69604 0.03156 0.24515 0.30288 0.18858 0.81844 0.40452 0.88806 0.62989
 0.40275 0.59624 0.24497 0.42747 0.12336 0.30307 0.21275 0.90554 0.14738
 0.30581 0.17281 0.48041 0.57644]
精度:0.9939  [0.23936 0.39539 0.27657 0.23424 0.88102 0.73283 0.31180 0.29869 0.88227
 0.11891 0.34426 0.37389 0.66324 0.45997 0.59066 0.15795 0.76234 0.19366
 0.71632 0.02997 0.92414 0.22517 0.33821 0.43001 0.93703 0.32733 0.44548
 0.84111 0.05627 0.98732 0.80500 0.34324 0.61524 0.12557 0.85792 0.98970
 0.57312 0.92980 0.72116 0.07103]
精度:0.9927  [0.89200 0.54216 0.00881 0.56464 0.93153 0.20243 0.63100 0.83743 0.76450
 0.90598 0.27263 0.91163 0.92685 0.95369 0.34879 0.51164 0.61116 0.83073
 0.98033 0.79907 0.38825 0.17486 0.45454 0.17858 0.07634 0.42921 0.76421
 0.63530 0.64134 0.70126 0.87474 0.74002 0.62215 0.53397 0.64248 0.00758
 0.80082 0.02613 0.58835 0.42145]
精度:0.9949  [0.49096 0.21659 0.54290 0.63383 0.39898 0.99764 0.86815 0.71396 0.47013
 0.40477 0.04647 0.53942 0.56003 0.40533 0.37314 0.96294 0.13826 0.30495
 0.70878 0.83189 0.40392 0.21555 0.62132 0.25853 0.70286 0.26670 0.76200
 0.95291 0.05712 0.40266 0.09060 0.52350 0.10122 0.29064 0.37797 0.92929
 0.88000 0.95948 0.87935 0.23994]
###############

2試行目

###############
初期化1 , Fitness:0.988
[0.59681 0.98565 0.84409 0.82720 0.27134 0.13454 0.96650 0.32092 0.46464
 0.85656 0.75972 0.01046 0.21504 0.89810 0.99715 0.14129 0.12921 0.60346
 0.36782 0.46477 0.09659 0.06182 0.82264 0.56682 0.14585 0.14388 0.34612
 0.07866 0.92977 0.37518 0.50282 0.41632 0.50301 0.52228 0.33655 0.04196
 0.30599 0.72701 0.99092 0.37341]
初期化2 , Fitness:0.993963782696177
[0.33342 0.68835 0.25969 0.71705 0.98503 0.12346 0.40348 0.27121 0.88583
 0.80683 0.54985 0.68413 0.04033 0.01664 0.55888 0.64019 0.47770 0.48557
 0.04548 0.83971 0.50687 0.82847 0.09474 0.98284 0.25473 0.54351 0.87220
 0.82034 0.82935 0.45653 0.23786 0.33861 0.00698 0.64273 0.33005 0.51242
 0.66202 0.50649 0.79282 0.93038]
初期化3 , Fitness:0.9860279441117766
[0.51825 0.40359 0.92534 0.87742 0.40515 0.65370 0.73312 0.14910 0.06540
 0.68910 0.09356 0.46394 0.06623 0.42962 0.28781 0.45402 0.22540 0.60119
 0.08416 0.81569 0.71139 0.12611 0.32907 0.15098 0.72150 0.39888 0.37757
 0.41016 0.88091 0.20676 0.27079 0.36365 0.69475 0.90565 0.98961 0.25569
 0.28277 0.86792 0.97423 0.61727]
初期化4 , Fitness:0.9575499127737932
[0.59039 0.79578 0.54892 0.62140 0.38336 0.43422 0.63615 0.47313 0.70478
 0.65836 0.34335 0.09549 0.76547 0.83754 0.32697 0.16399 0.11375 0.78764
 0.19103 0.53999 0.37720 0.41305 0.27391 0.72866 0.60471 0.27013 0.82791
 0.84885 0.56940 0.46089 0.64944 0.74780 0.86793 0.22945 0.00354 0.32512
 0.52777 0.41786 0.27846 0.58354]
初期化5 , Fitness:0.9676787463271302
[0.01040 0.03504 0.42794 0.25290 0.39314 0.17375 0.80777 0.15640 0.14459
 0.31270 0.73396 0.83195 0.17666 0.03273 0.57913 0.24488 0.48266 0.18679
 0.42682 0.54013 0.69069 0.22170 0.19957 0.10223 0.85515 0.84792 0.58755
 0.24879 0.69207 0.29256 0.76040 0.29080 0.20112 0.48465 0.49785 0.61528
 0.65043 0.39659 0.70551 0.76812]
初期化6 , Fitness:0.992964824120603
[0.98338 0.66610 0.60930 0.33088 0.71715 0.69471 0.09983 0.12933 0.72597
 0.92079 0.91609 0.56072 0.81312 0.77891 0.06379 0.80983 0.00185 0.21909
 0.46199 0.92077 0.39300 0.52352 0.12539 0.51664 0.53060 0.92085 0.66599
 0.40660 0.29551 0.93882 0.69330 0.13292 0.95112 0.47910 0.30431 0.99237
 0.57777 0.11606 0.21266 0.01275]
初期化7 , Fitness:0.9901783924634195
[0.89921 0.54959 0.61618 0.21221 0.89258 0.26495 0.71128 0.04979 0.34981
 0.71596 0.88005 0.89961 0.55462 0.88085 0.41788 0.18228 0.42986 0.32717
 0.10772 0.38723 0.09354 0.42124 0.49735 0.04463 0.00275 0.57644 0.47457
 0.93863 0.62000 0.51836 0.32737 0.46867 0.89874 0.12600 0.04514 0.86143
 0.85780 0.12107 0.15334 0.20625]
初期化8 , Fitness:0.9963695038321904
[0.11720 0.53416 0.63615 0.24890 0.17737 0.42867 0.82952 0.33844 0.91803
 0.24303 0.73332 0.99903 0.46695 0.25907 0.96308 0.50834 0.97943 0.69501
 0.98873 0.73463 0.34275 0.46160 0.67523 0.50110 0.92501 0.35660 0.62371
 0.76898 0.86884 0.40620 0.09158 0.76755 0.95750 0.80899 0.74689 0.70057
 0.98200 0.23760 0.23686 0.14514]
初期化9 , Fitness:0.9903769045709703
[0.65435 0.70703 0.99168 0.65056 0.31705 0.30160 0.64969 0.23162 0.26224
 0.56238 0.76584 0.44562 0.12940 0.83456 0.78209 0.99912 0.16969 0.52663
 0.12080 0.44988 0.57353 0.06939 0.04732 0.91851 0.25475 0.15199 0.49556
 0.42845 0.49782 0.32330 0.50602 0.16093 0.87437 0.03444 0.42450 0.75285
 0.43056 0.58376 0.48603 0.81418]
初期化10 , Fitness:0.9667318982387474
[0.28288 0.42359 0.87540 0.13409 0.23243 0.88039 0.19322 0.14637 0.72620
 0.01782 0.28779 0.28871 0.03504 0.16311 0.60912 0.04604 0.05942 0.86291
 0.64989 0.92703 0.42899 0.29708 0.05193 0.58682 0.85391 0.17804 0.77243
 0.06938 0.11567 0.94592 0.22457 0.25307 0.70565 0.30919 0.46469 0.71501
 0.05861 0.59842 0.13391 0.74761]
Gen: 1, Best: 0.9963562753036437
[0.11720 0.53416 0.63615 0.24890 0.17737 0.42867 0.82952 0.33844 0.91803
 0.24303 0.73332 0.99903 0.46695 0.25907 0.96308 0.50834 0.97943 0.69501
 0.98873 0.73463 0.34275 0.46160 0.67523 0.50110 0.92501 0.35660 0.62371
 0.76898 0.86884 0.40620 0.09158 0.76755 0.95750 0.80899 0.74689 0.70057
 0.98200 0.23760 0.23686 0.14514]
Gen: 2, Best: 0.9963562753036437
[0.11720 0.53416 0.63615 0.24890 0.17737 0.42867 0.82952 0.33844 0.91803
 0.24303 0.73332 0.99903 0.46695 0.25907 0.96308 0.50834 0.97943 0.69501
 0.98873 0.73463 0.34275 0.46160 0.67523 0.50110 0.92501 0.35660 0.62371
 0.76898 0.86884 0.40620 0.09158 0.76755 0.95750 0.80899 0.74689 0.70057
 0.98200 0.23760 0.23686 0.14514]
Gen: 3, Best: 0.9963562753036437
[0.11720 0.53416 0.63615 0.24890 0.17737 0.42867 0.82952 0.33844 0.91803
 0.24303 0.73332 0.99903 0.46695 0.25907 0.96308 0.50834 0.97943 0.69501
 0.98873 0.73463 0.34275 0.46160 0.67523 0.50110 0.92501 0.35660 0.62371
 0.76898 0.86884 0.40620 0.09158 0.76755 0.95750 0.80899 0.74689 0.70057
 0.98200 0.23760 0.23686 0.14514]
Gen: 4, Best: 0.9963562753036437
[0.11720 0.53416 0.63615 0.24890 0.17737 0.42867 0.82952 0.33844 0.91803
 0.24303 0.73332 0.99903 0.46695 0.25907 0.96308 0.50834 0.97943 0.69501
 0.98873 0.73463 0.34275 0.46160 0.67523 0.50110 0.92501 0.35660 0.62371
 0.76898 0.86884 0.40620 0.09158 0.76755 0.95750 0.80899 0.74689 0.70057
 0.98200 0.23760 0.23686 0.14514]
Gen: 5, Best: 0.9963562753036437
[0.11720 0.53416 0.63615 0.24890 0.17737 0.42867 0.82952 0.33844 0.91803
 0.24303 0.73332 0.99903 0.46695 0.25907 0.96308 0.50834 0.97943 0.69501
 0.98873 0.73463 0.34275 0.46160 0.67523 0.50110 0.92501 0.35660 0.62371
 0.76898 0.86884 0.40620 0.09158 0.76755 0.95750 0.80899 0.74689 0.70057
 0.98200 0.23760 0.23686 0.14514]
True Positives (TP): 3930
True Negatives (TN): 987
False Positives (FP): 0
False Negatives (FN): 23
検知率: 0.9942
誤警報率: 0.0000
適合率: 1.0000
F値: 0.9971
誤分類したデータ (正解ラベルでソート):
True: DoS, Predicted: normal
True: DoS, Predicted: normal
True: DoS, Predicted: normal
True: DoS, Predicted: normal
True: DoS, Predicted: normal
True: DoS, Predicted: normal
True: DoS, Predicted: normal
True: DoS, Predicted: normal
True: DoS, Predicted: normal
True: DoS, Predicted: normal
True: DoS, Predicted: normal
True: Probe, Predicted: normal
True: Probe, Predicted: normal
True: Probe, Predicted: normal
True: Probe, Predicted: normal
True: Probe, Predicted: normal
True: Probe, Predicted: normal
True: Probe, Predicted: normal
True: R2L, Predicted: normal
True: R2L, Predicted: normal
True: R2L, Predicted: normal
True: R2L, Predicted: normal
True: R2L, Predicted: normal

誤分類(正解):
DoS      11
Probe     7
R2L       5

誤分類(予測):
normal    23

------学習セット-----
精度: 1.0
誤分類(正解):
Series([], )

誤分類(予測):
Series([], )

------検証セット-----
精度: 0.9963562753036437
誤分類(正解):
DoS       12
R2L        3
Probe      2
normal     1

誤分類(予測):
normal    15
Probe      2
R2L        1
Best Solution: [0.11720 0.53416 0.63615 0.24890 0.17737 0.42867 0.82952 0.33844 0.91803
 0.24303 0.73332 0.99903 0.46695 0.25907 0.96308 0.50834 0.97943 0.69501
 0.98873 0.73463 0.34275 0.46160 0.67523 0.50110 0.92501 0.35660 0.62371
 0.76898 0.86884 0.40620 0.09158 0.76755 0.95750 0.80899 0.74689 0.70057
 0.98200 0.23760 0.23686 0.14514]
精度: 0.9953441295546559
C = 4102.086087812175
gamma = 17.09322252663882
デフォルト精度: 0.9978543378810575
実行時間: 18.7080秒
SVMの実行時間: 18.6971秒
SVMの実行時間H: 0.0052時間
精度:0.9879  [0.59681 0.98565 0.84409 0.82720 0.27134 0.13454 0.96650 0.32092 0.46464
 0.85656 0.75972 0.01046 0.21504 0.89810 0.99715 0.14129 0.12921 0.60346
 0.36782 0.46477 0.09659 0.06182 0.82264 0.56682 0.14585 0.14388 0.34612
 0.07866 0.92977 0.37518 0.50282 0.41632 0.50301 0.52228 0.33655 0.04196
 0.30599 0.72701 0.99092 0.37341]
精度:0.9939  [0.33342 0.68835 0.25969 0.71705 0.98503 0.12346 0.40348 0.27121 0.88583
 0.80683 0.54985 0.68413 0.04033 0.01664 0.55888 0.64019 0.47770 0.48557
 0.04548 0.83971 0.50687 0.82847 0.09474 0.98284 0.25473 0.54351 0.87220
 0.82034 0.82935 0.45653 0.23786 0.33861 0.00698 0.64273 0.33005 0.51242
 0.66202 0.50649 0.79282 0.93038]
精度:0.9858  [0.51825 0.40359 0.92534 0.87742 0.40515 0.65370 0.73312 0.14910 0.06540
 0.68910 0.09356 0.46394 0.06623 0.42962 0.28781 0.45402 0.22540 0.60119
 0.08416 0.81569 0.71139 0.12611 0.32907 0.15098 0.72150 0.39888 0.37757
 0.41016 0.88091 0.20676 0.27079 0.36365 0.69475 0.90565 0.98961 0.25569
 0.28277 0.86792 0.97423 0.61727]
精度:0.9690  [0.59039 0.79578 0.54892 0.62140 0.38336 0.43422 0.63615 0.47313 0.70478
 0.65836 0.34335 0.09549 0.76547 0.83754 0.32697 0.16399 0.11375 0.78764
 0.19103 0.53999 0.37720 0.41305 0.27391 0.72866 0.60471 0.27013 0.82791
 0.84885 0.56940 0.50136 0.64944 0.74780 0.86793 0.22945 0.00354 0.32512
 0.52777 0.41786 0.27846 0.58354]
精度:0.9666  [0.01040 0.03504 0.42794 0.25290 0.39314 0.17375 0.80777 0.15640 0.14459
 0.31270 0.73396 0.83195 0.17666 0.03273 0.57913 0.24488 0.48266 0.18679
 0.42682 0.54013 0.69069 0.22170 0.19957 0.10223 0.85515 0.84792 0.58755
 0.24879 0.69207 0.29256 0.76040 0.29080 0.20112 0.48465 0.49785 0.61528
 0.65043 0.39659 0.70551 0.76812]
精度:0.9931  [0.98338 0.66610 0.60930 0.33088 0.71715 0.69471 0.58191 0.12933 0.72597
 0.92079 0.91609 0.56072 0.81312 0.77891 0.06379 0.80983 0.00185 0.21909
 0.46199 0.92077 0.39300 0.52352 0.12539 0.51664 0.53060 0.92085 0.66599
 0.40660 0.29551 0.93882 0.69330 0.13292 0.95112 0.47910 0.30431 0.99237
 0.57777 0.11606 0.21266 0.01275]
精度:0.9909  [0.89921 0.12862 0.61618 0.21221 0.89258 0.26495 0.71128 0.04979 0.34981
 0.71596 0.88005 0.89961 0.55462 0.88085 0.41788 0.18228 0.42986 0.32717
 0.10772 0.38723 0.09354 0.42124 0.49735 0.04463 0.00275 0.57644 0.47457
 0.93863 0.62000 0.51836 0.32737 0.46867 0.89874 0.12600 0.04514 0.86143
 0.85780 0.12107 0.15334 0.20625]
精度:0.9964  [0.11720 0.53416 0.63615 0.24890 0.17737 0.42867 0.82952 0.33844 0.91803
 0.24303 0.73332 0.99903 0.46695 0.25907 0.96308 0.50834 0.97943 0.69501
 0.98873 0.73463 0.34275 0.46160 0.67523 0.50110 0.92501 0.35660 0.62371
 0.76898 0.86884 0.40620 0.09158 0.76755 0.95750 0.80899 0.74689 0.70057
 0.98200 0.23760 0.23686 0.14514]
精度:0.9903  [0.65435 0.70703 0.99168 0.65056 0.31705 0.30160 0.64969 0.23162 0.26224
 0.56238 0.76584 0.44562 0.12940 0.83456 0.78209 0.99912 0.16969 0.52663
 0.12080 0.44988 0.57353 0.06939 0.04732 0.91851 0.25475 0.15199 0.49556
 0.42845 0.49782 0.32330 0.50602 0.16093 0.87437 0.03444 0.42450 0.75285
 0.43056 0.58376 0.48603 0.81418]
精度:0.9656  [0.28288 0.42359 0.87540 0.13409 0.23243 0.88039 0.19322 0.14637 0.72620
 0.01782 0.28779 0.28871 0.03504 0.16311 0.60912 0.04604 0.05942 0.86291
 0.64989 0.92703 0.42899 0.29708 0.05193 0.58682 0.85391 0.17804 0.77243
 0.06938 0.11567 0.94592 0.22457 0.25307 0.70565 0.30919 0.46469 0.71501
 0.05861 0.59842 0.13391 0.74761]
###############

3試行目

###############
初期化1 , Fitness:0.9921671018276761
[0.29297 0.69927 0.99185 0.83252 0.45079 0.13107 0.31788 0.37154 0.44684
 0.78178 0.44297 0.12687 0.26210 0.77050 0.12499 0.14155 0.53026 0.16185
 0.29623 0.41250 0.84215 0.52161 0.61614 0.22087 0.65334 0.95337 0.41984
 0.20144 0.92621 0.20522 0.88266 0.29080 0.67521 0.45339 0.40819 0.45754
 0.22178 0.63435 0.91645 0.19120]
初期化2 , Fitness:0.992765273311897
[0.33487 0.12253 0.56187 0.97869 0.90635 0.60896 0.27294 0.17349 0.48773
 0.97058 0.39561 0.45624 0.89577 0.58951 0.90171 0.94347 0.64955 0.53170
 0.58443 0.56126 0.38514 0.79941 0.70693 0.86954 0.93366 0.68027 0.56244
 0.10402 0.89848 0.81831 0.57379 0.07033 0.07383 0.30134 0.59808 0.95961
 0.69970 0.07511 0.32422 0.25577]
初期化3 , Fitness:0.9917687211403332
[0.01414 0.63906 0.01689 0.50292 0.82103 0.92576 0.86041 0.65383 0.58826
 0.45589 0.24894 0.69918 0.48637 0.83808 0.61066 0.82282 0.56050 0.40767
 0.58390 0.60373 0.04970 0.71011 0.72778 0.85911 0.60778 0.30109 0.12783
 0.12762 0.99591 0.55556 0.75672 0.16564 0.01900 0.64569 0.97324 0.02300
 0.12549 0.66958 0.44945 0.15988]
初期化4 , Fitness:0.9915696507426737
[0.47808 0.98040 0.51230 0.78122 0.74683 0.18148 0.35190 0.68120 0.54153
 0.33379 0.19909 0.67231 0.82322 0.38817 0.32017 0.65624 0.10662 0.45801
 0.41215 0.33418 0.82256 0.93003 0.85809 0.90178 0.83382 0.01244 0.57132
 0.43714 0.55376 0.80414 0.91883 0.70516 0.20741 0.40935 0.09688 0.29426
 0.10896 0.64349 0.85471 0.23682]
初期化5 , Fitness:0.9955663039097138
[0.20764 0.10498 0.76697 0.37062 0.79022 0.82178 0.32525 0.67153 0.38678
 0.98039 0.67271 0.43917 0.91470 0.30762 0.06266 0.18413 0.93117 0.13171
 0.69095 0.13976 0.03137 0.41006 0.79268 0.39709 0.13757 0.82043 0.78642
 0.14110 0.24009 0.78795 0.09009 0.72563 0.77431 0.11461 0.97734 0.55524
 0.86940 0.52185 0.13630 0.65919]
初期化6 , Fitness:0.9901783924634195
[0.41442 0.07877 0.61321 0.51159 0.72414 0.90707 0.78820 0.98192 0.18950
 0.68846 0.19436 0.73555 0.30223 0.33383 0.65209 0.26532 0.47896 0.28781
 0.19861 0.73267 0.97753 0.74604 0.45635 0.15887 0.60212 0.84088 0.26554
 0.09937 0.64859 0.21539 0.07696 0.83915 0.60501 0.03332 0.15943 0.00185
 0.60422 0.15484 0.28332 0.02452]
初期化7 , Fitness:0.995365706226073
[0.47282 0.89522 0.07856 0.95933 0.85152 0.00092 0.26584 0.23430 0.83874
 0.76357 0.81890 0.18546 0.27894 0.85661 0.74247 0.95423 0.27010 0.81648
 0.38947 0.58960 0.24521 0.75150 0.00781 0.79151 0.29357 0.35287 0.15527
 0.48497 0.06458 0.48678 0.95366 0.33002 0.76817 0.55786 0.48103 0.90014
 0.78409 0.19254 0.36307 0.52750]
初期化8 , Fitness:0.9957669824632132
[0.59786 0.03170 0.53843 0.59578 0.77553 0.99364 0.78578 0.45763 0.42588
 0.76128 0.97112 0.95371 0.97261 0.45205 0.44128 0.68588 0.94123 0.15898
 0.38439 0.87972 0.49489 0.52788 0.13719 0.24177 0.14731 0.47684 0.77031
 0.82235 0.40482 0.99195 0.21407 0.07597 0.06818 0.42070 0.95134 0.71523
 0.66781 0.03662 0.83557 0.25791]
初期化9 , Fitness:0.9933641664990951
[0.18631 0.52518 0.88621 0.48115 0.07142 0.78516 0.34616 0.12434 0.23443
 0.19609 0.29746 0.08582 0.35793 0.54347 0.04816 0.05869 0.58310 0.82515
 0.50088 0.08461 0.17517 0.78393 0.69877 0.83150 0.51936 0.01002 0.32199
 0.96408 0.52907 0.15781 0.57174 0.88446 0.14717 0.77195 0.38122 0.61496
 0.99937 0.52110 0.74160 0.39276]
初期化10 , Fitness:0.994163815657074
[0.32697 0.33778 0.73108 0.98924 0.75843 0.59302 0.23876 0.60555 0.47732
 0.97520 0.62319 0.82983 0.79384 0.21124 0.87084 0.52133 0.65049 0.72130
 0.44067 0.30195 0.95315 0.22276 0.75306 0.55028 0.35754 0.41469 0.44697
 0.32988 0.35169 0.70157 0.25276 0.07897 0.51574 0.62783 0.63674 0.41319
 0.99865 0.03939 0.99925 0.29836]
Gen: 1, Best: 0.9973684210526317
[0.20764 0.10498 0.76697 0.37062 0.79022 0.82178 0.32525 0.67153 0.51439
 0.98039 0.67271 0.43917 0.91470 0.30762 0.06266 0.18413 0.93117 0.13171
 0.69095 0.13976 0.03137 0.41006 0.79268 0.39709 0.13757 0.82043 0.78642
 0.14110 0.24009 0.78795 0.09009 0.28923 0.77431 0.11461 0.97734 0.55524
 0.86940 0.52185 0.13630 0.65919]
Gen: 2, Best: 0.9973684210526317
[0.20764 0.10498 0.76697 0.37062 0.79022 0.82178 0.32525 0.67153 0.51439
 0.98039 0.67271 0.43917 0.91470 0.30762 0.06266 0.18413 0.93117 0.13171
 0.69095 0.13976 0.03137 0.41006 0.79268 0.39709 0.13757 0.82043 0.78642
 0.14110 0.24009 0.78795 0.09009 0.28923 0.77431 0.11461 0.97734 0.55524
 0.86940 0.52185 0.13630 0.65919]
Gen: 3, Best: 0.9973684210526317
[0.20764 0.10498 0.76697 0.37062 0.79022 0.82178 0.32525 0.67153 0.51439
 0.98039 0.67271 0.43917 0.91470 0.30762 0.06266 0.18413 0.93117 0.13171
 0.69095 0.13976 0.03137 0.41006 0.79268 0.39709 0.13757 0.82043 0.78642
 0.14110 0.24009 0.78795 0.09009 0.28923 0.77431 0.11461 0.97734 0.55524
 0.86940 0.52185 0.13630 0.65919]
Gen: 4, Best: 0.9973684210526317
[0.20764 0.10498 0.76697 0.37062 0.79022 0.82178 0.32525 0.67153 0.51439
 0.98039 0.67271 0.43917 0.91470 0.30762 0.06266 0.18413 0.93117 0.13171
 0.69095 0.13976 0.03137 0.41006 0.79268 0.39709 0.13757 0.82043 0.78642
 0.14110 0.24009 0.78795 0.09009 0.28923 0.77431 0.11461 0.97734 0.55524
 0.86940 0.52185 0.13630 0.65919]
Gen: 5, Best: 0.9973684210526317
[0.20764 0.10498 0.76697 0.37062 0.79022 0.82178 0.32525 0.67153 0.51439
 0.98039 0.67271 0.43917 0.91470 0.30762 0.06266 0.18413 0.93117 0.13171
 0.69095 0.13976 0.03137 0.41006 0.79268 0.39709 0.13757 0.82043 0.78642
 0.14110 0.24009 0.78795 0.09009 0.28923 0.77431 0.11461 0.97734 0.55524
 0.86940 0.52185 0.13630 0.65919]
True Positives (TP): 3942
True Negatives (TN): 979
False Positives (FP): 8
False Negatives (FN): 11
検知率: 0.9972
誤警報率: 0.0081
適合率: 0.9980
F値: 0.9976
誤分類したデータ (正解ラベルでソート):
True: DoS, Predicted: normal
True: DoS, Predicted: normal
True: DoS, Predicted: normal
True: DoS, Predicted: normal
True: DoS, Predicted: normal
True: DoS, Predicted: normal
True: Probe, Predicted: DoS
True: Probe, Predicted: normal
True: Probe, Predicted: normal
True: R2L, Predicted: normal
True: R2L, Predicted: normal
True: R2L, Predicted: normal
True: normal, Predicted: DoS
True: normal, Predicted: DoS
True: normal, Predicted: R2L
True: normal, Predicted: Probe
True: normal, Predicted: DoS
True: normal, Predicted: DoS
True: normal, Predicted: DoS
True: normal, Predicted: Probe

誤分類(正解):
normal    8
DoS       6
Probe     3
R2L       3

誤分類(予測):
normal    11
DoS        6
Probe      2
R2L        1

------学習セット-----
精度: 0.9997975708502024
誤分類(正解):
DoS    1

誤分類(予測):
normal    1

------検証セット-----
精度: 0.9973684210526316
誤分類(正解):
R2L       5
normal    4
DoS       4

誤分類(予測):
normal    8
DoS       2
Probe     2
R2L       1
Best Solution: [0.20764 0.10498 0.76697 0.37062 0.79022 0.82178 0.32525 0.67153 0.51439
 0.98039 0.67271 0.43917 0.91470 0.30762 0.06266 0.18413 0.93117 0.13171
 0.69095 0.13976 0.03137 0.41006 0.79268 0.39709 0.13757 0.82043 0.78642
 0.14110 0.24009 0.78795 0.09009 0.28923 0.77431 0.11461 0.97734 0.55524
 0.86940 0.52185 0.13630 0.65919]
精度: 0.9959514170040484
C = 7267.5102747342635
gamma = 3.359202626396949
デフォルト精度: 0.9978543378810575
実行時間: 7.1115秒
SVMの実行時間: 7.1006秒
SVMの実行時間H: 0.0020時間
精度:0.9921  [0.29297 0.69927 0.99185 0.83252 0.45079 0.13107 0.31788 0.37154 0.44684
 0.78178 0.44297 0.12687 0.26210 0.77050 0.12499 0.14155 0.53026 0.16185
 0.29623 0.41250 0.84215 0.52161 0.61614 0.22087 0.65334 0.95337 0.41984
 0.20144 0.92621 0.20522 0.88266 0.29080 0.67521 0.45339 0.40819 0.45754
 0.22178 0.63435 0.91645 0.19120]
精度:0.9927  [0.33487 0.12253 0.56187 0.97869 0.90635 0.60896 0.27294 0.17349 0.48773
 0.97058 0.39561 0.45624 0.89577 0.58951 0.90171 0.94347 0.64955 0.53170
 0.58443 0.56126 0.38514 0.79941 0.70693 0.86954 0.93366 0.68027 0.56244
 0.10402 0.89848 0.81831 0.57379 0.07033 0.07383 0.30134 0.59808 0.95961
 0.69970 0.07511 0.32422 0.25577]
精度:0.9917  [0.01414 0.63906 0.01689 0.50292 0.82103 0.92576 0.86041 0.65383 0.58826
 0.45589 0.24894 0.69918 0.48637 0.83808 0.61066 0.82282 0.56050 0.40767
 0.58390 0.60373 0.04970 0.71011 0.72778 0.85911 0.60778 0.30109 0.12783
 0.12762 0.99591 0.55556 0.75672 0.16564 0.01900 0.64569 0.97324 0.02300
 0.12549 0.66958 0.44945 0.15988]
精度:0.9917  [0.47808 0.75630 0.51230 0.78122 0.74683 0.18148 0.35190 0.68120 0.54153
 0.33379 0.19909 0.67231 0.82322 0.38817 0.32017 0.65624 0.10662 0.45801
 0.41215 0.33418 0.82256 0.93003 0.85809 0.90178 0.83382 0.01244 0.57132
 0.43714 0.55376 0.80414 0.91883 0.70516 0.20741 0.40935 0.09688 0.29426
 0.10896 0.64349 0.85471 0.23682]
精度:0.9974  [0.20764 0.10498 0.76697 0.37062 0.79022 0.82178 0.32525 0.67153 0.51439
 0.98039 0.67271 0.43917 0.91470 0.30762 0.06266 0.18413 0.93117 0.13171
 0.69095 0.13976 0.03137 0.41006 0.79268 0.39709 0.13757 0.82043 0.78642
 0.14110 0.24009 0.78795 0.09009 0.28923 0.77431 0.11461 0.97734 0.55524
 0.86940 0.52185 0.13630 0.65919]
精度:0.9923  [0.37301 0.07877 0.61321 0.51159 0.72414 0.90707 0.78820 0.98192 0.18950
 0.68846 0.19436 0.73555 0.30223 0.33383 0.65209 0.26532 0.47896 0.28781
 0.19861 0.73267 0.97753 0.74604 0.45635 0.15887 0.60212 0.84088 0.26554
 0.09937 0.64859 0.21539 0.07696 0.83915 0.60501 0.03332 0.15943 0.00185
 0.60422 0.15484 0.79963 0.02452]
精度:0.9953  [0.47282 0.89522 0.07856 0.95933 0.85152 0.00092 0.26584 0.23430 0.83874
 0.76357 0.81890 0.18546 0.27894 0.85661 0.74247 0.95423 0.27010 0.81648
 0.38947 0.58960 0.24521 0.75150 0.00781 0.79151 0.29357 0.35287 0.15527
 0.48497 0.06458 0.48678 0.95366 0.33002 0.76817 0.55786 0.48103 0.90014
 0.78409 0.19254 0.36307 0.52750]
精度:0.9957  [0.59786 0.03170 0.53843 0.59578 0.77553 0.99364 0.78578 0.45763 0.42588
 0.76128 0.97112 0.95371 0.97261 0.45205 0.44128 0.68588 0.94123 0.15898
 0.38439 0.87972 0.49489 0.52788 0.13719 0.24177 0.14731 0.47684 0.77031
 0.82235 0.40482 0.99195 0.21407 0.07597 0.06818 0.42070 0.95134 0.71523
 0.66781 0.03662 0.83557 0.25791]
精度:0.9937  [0.18631 0.52518 0.88621 0.48115 0.07142 0.78516 0.34616 0.12434 0.23443
 0.19609 0.29746 0.08582 0.35793 0.54347 0.04816 0.05869 0.58310 0.82515
 0.50088 0.08461 0.17517 0.78393 0.69877 0.83150 0.51936 0.01002 0.32199
 0.96408 0.37931 0.15781 0.57174 0.88446 0.14717 0.77195 0.38122 0.61496
 0.99937 0.52110 0.74160 0.39276]
精度:0.9943  [0.32697 0.33778 0.73108 0.98924 0.75843 0.59302 0.23876 0.60555 0.47732
 0.97520 0.62319 0.82983 0.79384 0.21124 0.87084 0.52133 0.65049 0.72130
 0.44067 0.30195 0.95315 0.22276 0.75306 0.55028 0.35754 0.41469 0.50312
 0.32988 0.35169 0.70157 0.25276 0.07897 0.51574 0.62783 0.63674 0.41319
 0.99865 0.03939 0.99925 0.29836]
###############

4試行目

###############
初期化1 , Fitness:0.995365706226073
[0.54734 0.39881 0.84624 0.34346 0.51661 0.92901 0.24307 0.16867 0.89747
 0.60627 0.60868 0.66314 0.88785 0.17071 0.73424 0.25254 0.90298 0.34073
 0.98756 0.66980 0.38872 0.78602 0.10632 0.55094 0.68143 0.91780 0.61773
 0.22510 0.43500 0.26725 0.46633 0.49955 0.03271 0.90114 0.66870 0.57988
 0.67215 0.78312 0.67912 0.04091]
初期化2 , Fitness:0.992765273311897
[0.41624 0.65101 0.09779 0.80938 0.88827 0.24695 0.35082 0.83703 0.03756
 0.45399 0.92370 0.48233 0.57687 0.67400 0.02192 0.95493 0.26813 0.39225
 0.96832 0.43842 0.55163 0.60918 0.88046 0.48218 0.42623 0.17351 0.52134
 0.93042 0.11959 0.39872 0.46728 0.40703 0.02926 0.73661 0.38762 0.64839
 0.32340 0.23273 0.39127 0.90524]
初期化3 , Fitness:0.9931644551668677
[0.56106 0.90083 0.94421 0.97106 0.66204 0.87900 0.63567 0.94848 0.33101
 0.68474 0.97339 0.40054 0.56004 0.57145 0.38536 0.39620 0.47776 0.94096
 0.66195 0.63149 0.60271 0.81606 0.73772 0.62043 0.83937 0.08434 0.28991
 0.06552 0.16922 0.63153 0.46566 0.80640 0.66474 0.14460 0.79610 0.18276
 0.06388 0.74748 0.42187 0.77391]
初期化4 , Fitness:0.992964824120603
[0.64453 0.33099 0.08674 0.89453 0.43811 0.45543 0.25913 0.89682 0.62263
 0.60484 0.84163 0.18738 0.18197 0.40355 0.01674 0.83575 0.39619 0.28575
 0.09573 0.36292 0.55912 0.92668 0.96659 0.68185 0.93271 0.13980 0.73776
 0.52233 0.24231 0.63490 0.31359 0.10791 0.26523 0.44926 0.82099 0.28725
 0.86194 0.67062 0.83357 0.24040]
初期化5 , Fitness:0.9931644551668677
[0.60179 0.68950 0.43790 0.30199 0.98647 0.52468 0.22401 0.35399 0.45345
 0.39601 0.74419 0.84037 0.73986 0.93134 0.46527 0.91790 0.16715 0.68516
 0.36997 0.56633 0.27702 0.82064 0.14435 0.38415 0.80779 0.99093 0.23889
 0.04931 0.84452 0.46932 0.28390 0.37919 0.75217 0.44230 0.42027 0.08500
 0.30172 0.69430 0.18389 0.40952]
初期化6 , Fitness:0.9909729187562688
[0.08195 0.97517 0.79951 0.10391 0.87514 0.88703 0.43161 0.07628 0.29944
 0.00465 0.90503 0.16791 0.04433 0.49636 0.37422 0.88453 0.60709 0.27575
 0.13628 0.77440 0.33496 0.79938 0.98391 0.04359 0.32977 0.79873 0.82756
 0.43403 0.86883 0.97764 0.23707 0.40959 0.90942 0.71805 0.03202 0.38526
 0.62891 0.68941 0.56135 0.87111]
初期化7 , Fitness:0.9899799599198396
[0.21055 0.51400 0.34860 0.62928 0.00375 0.44724 0.42792 0.31444 0.53376
 0.18300 0.64622 0.10363 0.78815 0.22780 0.65623 0.38026 0.67147 0.39364
 0.08071 0.30823 0.51206 0.41102 0.89816 0.35843 0.34057 0.36876 0.07720
 0.14277 0.95831 0.93364 0.07223 0.08095 0.98089 0.32349 0.79504 0.36788
 0.13267 0.10207 0.27933 0.03705]
初期化8 , Fitness:0.9923664122137404
[0.93657 0.53797 0.86787 0.44171 0.82547 0.98244 0.63280 0.42850 0.97572
 0.90372 0.28100 0.26078 0.11177 0.82993 0.31465 0.68958 0.83394 0.73841
 0.37246 0.74118 0.66596 0.44581 0.26429 0.01022 0.37295 0.96366 0.66367
 0.13620 0.08118 0.95121 0.07405 0.67542 0.43183 0.82703 0.56236 0.55532
 0.49206 0.22475 0.28729 0.18799]
初期化9 , Fitness:0.9943639291465377
[0.21483 0.60815 0.45240 0.56287 0.57035 0.31117 0.53059 0.41916 0.55745
 0.62774 0.18683 0.35565 0.15861 0.52455 0.06557 0.61864 0.61135 0.11940
 0.73433 0.00021 0.59395 0.92954 0.04931 0.88798 0.35856 0.71187 0.33993
 0.03387 0.10602 0.70942 0.74425 0.89048 0.89750 0.72438 0.42465 0.84464
 0.49915 0.56719 0.05446 0.38357]
初期化10 , Fitness:0.9712937475422729
[0.30918 0.65646 0.89258 0.60584 0.14525 0.02787 0.68194 0.19223 0.02055
 0.95380 0.24519 0.07219 0.43443 0.91799 0.36254 0.17049 0.32627 0.57675
 0.60618 0.99453 0.19396 0.28058 0.32665 0.88418 0.42562 0.35637 0.45959
 0.45809 0.45280 0.81633 0.74858 0.21332 0.67837 0.77112 0.27331 0.29520
 0.36238 0.56445 0.30637 0.81885]
Gen: 1, Best: 0.9953441295546559
[0.54734 0.39881 0.84624 0.34346 0.51661 0.92901 0.24307 0.16867 0.89747
 0.60627 0.60868 0.66314 0.88785 0.17071 0.73424 0.25254 0.90298 0.34073
 0.98756 0.66980 0.38872 0.78602 0.10632 0.55094 0.68143 0.91780 0.61773
 0.22510 0.43500 0.26725 0.46633 0.49955 0.03271 0.90114 0.66870 0.57988
 0.67215 0.78312 0.67912 0.04091]
Gen: 2, Best: 0.9953441295546559
[0.54734 0.39881 0.84624 0.34346 0.51661 0.92901 0.24307 0.16867 0.89747
 0.60627 0.60868 0.66314 0.88785 0.17071 0.73424 0.25254 0.90298 0.34073
 0.98756 0.66980 0.38872 0.78602 0.10632 0.55094 0.68143 0.91780 0.61773
 0.22510 0.43500 0.26725 0.46633 0.49955 0.03271 0.90114 0.66870 0.57988
 0.67215 0.78312 0.67912 0.04091]
Gen: 3, Best: 0.9953441295546559
[0.54734 0.39881 0.84624 0.34346 0.51661 0.92901 0.24307 0.16867 0.89747
 0.60627 0.60868 0.66314 0.88785 0.17071 0.73424 0.25254 0.90298 0.34073
 0.98756 0.66980 0.38872 0.78602 0.10632 0.55094 0.68143 0.91780 0.61773
 0.22510 0.43500 0.26725 0.46633 0.49955 0.03271 0.90114 0.66870 0.57988
 0.67215 0.78312 0.67912 0.04091]
Gen: 4, Best: 0.9955465587044534
[0.93657 0.53797 0.86787 0.44171 0.82547 0.98244 0.63280 0.42850 0.97572
 0.90372 0.28100 0.26078 0.11177 0.82993 0.31465 0.68958 0.83394 0.73841
 0.37246 0.74118 0.66596 0.44581 0.26429 0.01022 0.37295 0.96366 0.66367
 0.13620 0.08118 0.95121 0.07405 0.67542 0.50076 0.82703 0.56236 0.55532
 0.51104 0.22475 0.28729 0.18799]
Gen: 5, Best: 0.9955465587044534
[0.93657 0.53797 0.86787 0.44171 0.82547 0.98244 0.63280 0.42850 0.97572
 0.90372 0.28100 0.26078 0.11177 0.82993 0.31465 0.68958 0.83394 0.73841
 0.37246 0.74118 0.66596 0.44581 0.26429 0.01022 0.37295 0.96366 0.66367
 0.13620 0.08118 0.95121 0.07405 0.67542 0.50076 0.82703 0.56236 0.55532
 0.51104 0.22475 0.28729 0.18799]
True Positives (TP): 3931
True Negatives (TN): 983
False Positives (FP): 4
False Negatives (FN): 22
検知率: 0.9944
誤警報率: 0.0041
適合率: 0.9990
F値: 0.9967
誤分類したデータ (正解ラベルでソート):
True: DoS, Predicted: normal
True: DoS, Predicted: normal
True: DoS, Predicted: normal
True: DoS, Predicted: normal
True: DoS, Predicted: normal
True: DoS, Predicted: normal
True: DoS, Predicted: normal
True: DoS, Predicted: normal
True: DoS, Predicted: normal
True: DoS, Predicted: normal
True: Probe, Predicted: normal
True: Probe, Predicted: normal
True: Probe, Predicted: normal
True: Probe, Predicted: normal
True: Probe, Predicted: normal
True: Probe, Predicted: normal
True: Probe, Predicted: normal
True: R2L, Predicted: normal
True: R2L, Predicted: Probe
True: R2L, Predicted: normal
True: R2L, Predicted: normal
True: R2L, Predicted: normal
True: R2L, Predicted: normal
True: normal, Predicted: R2L
True: normal, Predicted: Probe
True: normal, Predicted: DoS
True: normal, Predicted: DoS

誤分類(正解):
DoS       10
Probe      7
R2L        6
normal     4

誤分類(予測):
normal    22
Probe      2
DoS        2
R2L        1

------学習セット-----
精度: 1.0
誤分類(正解):
Series([], )

誤分類(予測):
Series([], )

------検証セット-----
精度: 0.9955465587044534
誤分類(正解):
DoS       9
normal    5
R2L       4
Probe     4

誤分類(予測):
normal    17
DoS        3
Probe      1
R2L        1
Best Solution: [0.93657 0.53797 0.86787 0.44171 0.82547 0.98244 0.63280 0.42850 0.97572
 0.90372 0.28100 0.26078 0.11177 0.82993 0.31465 0.68958 0.83394 0.73841
 0.37246 0.74118 0.66596 0.44581 0.26429 0.01022 0.37295 0.96366 0.66367
 0.13620 0.08118 0.95121 0.07405 0.67542 0.50076 0.82703 0.56236 0.55532
 0.51104 0.22475 0.28729 0.18799]
精度: 0.9945344129554656
C = 32780.075796021374
gamma = 17.214897705193742
デフォルト精度: 0.9978543378810575
実行時間: 7.6736秒
SVMの実行時間: 7.6632秒
SVMの実行時間H: 0.0021時間
精度:0.9953  [0.54734 0.39881 0.84624 0.34346 0.51661 0.92901 0.24307 0.16867 0.89747
 0.60627 0.60868 0.66314 0.88785 0.17071 0.73424 0.25254 0.90298 0.34073
 0.98756 0.66980 0.38872 0.78602 0.10632 0.55094 0.68143 0.91780 0.61773
 0.22510 0.43500 0.26725 0.46633 0.49955 0.03271 0.90114 0.66870 0.57988
 0.67215 0.78312 0.67912 0.04091]
精度:0.9937  [0.41624 0.65101 0.09779 0.80938 0.88827 0.24695 0.35082 0.83703 0.95427
 0.45399 0.92370 0.48233 0.57687 0.67400 0.02192 0.95493 0.26813 0.39225
 0.96832 0.43842 0.55163 0.60918 0.88046 0.48218 0.42623 0.17351 0.52134
 0.93042 0.11959 0.39872 0.46728 0.63564 0.02926 0.73661 0.38762 0.64839
 0.32340 0.23273 0.39127 0.90524]
精度:0.9943  [0.56106 0.90083 0.94421 0.97106 0.66204 0.87900 0.63567 0.94848 0.88795
 0.68474 0.97339 0.40054 0.56004 0.57145 0.38536 0.39620 0.47776 0.94096
 0.66195 0.63149 0.60271 0.81606 0.73772 0.07633 0.83937 0.08434 0.28991
 0.06552 0.16922 0.63153 0.46566 0.80640 0.66474 0.14460 0.79610 0.18276
 0.06388 0.74748 0.42187 0.77391]
精度:0.9929  [0.64453 0.33099 0.08674 0.89453 0.43811 0.45543 0.25913 0.89682 0.62263
 0.60484 0.84163 0.18738 0.18197 0.40355 0.01674 0.83575 0.39619 0.28575
 0.09573 0.36292 0.55912 0.92668 0.96659 0.68185 0.93271 0.13980 0.73776
 0.52233 0.24231 0.63490 0.31359 0.10791 0.26523 0.44926 0.82099 0.28725
 0.86194 0.67062 0.83357 0.24040]
精度:0.9931  [0.60179 0.68950 0.43790 0.30199 0.98647 0.52468 0.22401 0.35399 0.45345
 0.39601 0.74419 0.84037 0.73986 0.93134 0.46527 0.91790 0.16715 0.68516
 0.36997 0.56633 0.27702 0.82064 0.14435 0.38415 0.80779 0.99093 0.23889
 0.04931 0.84452 0.46932 0.28390 0.37919 0.75217 0.44230 0.42027 0.08500
 0.30172 0.69430 0.18389 0.40952]
精度:0.9909  [0.08195 0.97517 0.79951 0.10391 0.87514 0.88703 0.43161 0.07628 0.29944
 0.00465 0.90503 0.16791 0.04433 0.49636 0.37422 0.88453 0.60709 0.27575
 0.13628 0.77440 0.33496 0.79938 0.98391 0.04359 0.32977 0.79873 0.82756
 0.43403 0.86883 0.97764 0.23707 0.40959 0.90942 0.71805 0.03202 0.38526
 0.62891 0.68941 0.56135 0.87111]
精度:0.9907  [0.21055 0.51400 0.34860 0.62928 0.00375 0.44724 0.42792 0.31444 0.53376
 0.18300 0.64622 0.10363 0.78815 0.22780 0.65623 0.38026 0.67147 0.39364
 0.08071 0.30823 0.51206 0.41102 0.89816 0.35843 0.34057 0.36876 0.07720
 0.14277 0.95831 0.93364 0.07223 0.08095 0.98089 0.32349 0.44536 0.36788
 0.13267 0.10207 0.27933 0.03705]
精度:0.9955  [0.93657 0.53797 0.86787 0.44171 0.82547 0.98244 0.63280 0.42850 0.97572
 0.90372 0.28100 0.26078 0.11177 0.82993 0.31465 0.68958 0.83394 0.73841
 0.37246 0.74118 0.66596 0.44581 0.26429 0.01022 0.37295 0.96366 0.66367
 0.13620 0.08118 0.95121 0.07405 0.67542 0.50076 0.82703 0.56236 0.55532
 0.51104 0.22475 0.28729 0.18799]
精度:0.9943  [0.21483 0.60815 0.45240 0.56287 0.57035 0.31117 0.53059 0.41916 0.55745
 0.62774 0.18683 0.35565 0.15861 0.52455 0.06557 0.61864 0.61135 0.11940
 0.73433 0.00021 0.59395 0.92954 0.04931 0.88798 0.35856 0.71187 0.33993
 0.03387 0.10602 0.70942 0.74425 0.89048 0.89750 0.72438 0.42465 0.84464
 0.49915 0.56719 0.05446 0.38357]
精度:0.9704  [0.30918 0.65646 0.89258 0.60584 0.14525 0.02787 0.68194 0.19223 0.02055
 0.95380 0.24519 0.07219 0.43443 0.91799 0.36254 0.17049 0.32627 0.57675
 0.60618 0.99453 0.19396 0.28058 0.32665 0.88418 0.42562 0.35637 0.45959
 0.45809 0.45280 0.81633 0.74858 0.21332 0.67837 0.77112 0.27331 0.29520
 0.36238 0.56445 0.30637 0.81885]
###############

5試行目

###############
初期化1 , Fitness:0.9915696507426737
[0.79101 0.68936 0.54768 0.00351 0.59155 0.90474 0.28364 0.11961 0.61977
 0.59667 0.07137 0.21620 0.13013 0.40152 0.97065 0.19555 0.44709 0.95224
 0.56139 0.36776 0.00226 0.60846 0.57700 0.99975 0.65129 0.02403 0.10823
 0.10073 0.75402 0.90983 0.85899 0.93397 0.33442 0.44132 0.03585 0.26902
 0.28541 0.81734 0.78220 0.79714]
初期化2 , Fitness:0.9937638302152483
[0.85752 0.33127 0.51763 0.28356 0.58783 0.96248 0.92090 0.83296 0.95144
 0.62046 0.83904 0.62049 0.51899 0.52529 0.60957 0.16169 0.55114 0.60587
 0.19098 0.97634 0.58554 0.01822 0.99171 0.73203 0.52694 0.55982 0.53622
 0.08172 0.06653 0.07312 0.24544 0.84301 0.30321 0.53861 0.91438 0.19460
 0.25183 0.61485 0.66045 0.77820]
初期化3 , Fitness:0.9919678714859439
[0.95389 0.54957 0.23112 0.98619 0.22777 0.52017 0.10341 0.50453 0.28637
 0.85403 0.42555 0.76150 0.12609 0.32249 0.48987 0.64539 0.87009 0.98798
 0.38732 0.28024 0.10332 0.97916 0.00820 0.00595 0.49786 0.45503 0.57042
 0.95402 0.73149 0.00324 0.59038 0.90034 0.54790 0.08040 0.20361 0.18297
 0.32716 0.57407 0.25492 0.55130]
初期化4 , Fitness:0.9821073558648111
[0.08315 0.47323 0.51767 0.08464 0.11013 0.36972 0.42529 0.29591 0.01917
 0.85342 0.06001 0.03047 0.39567 0.34606 0.41314 0.56669 0.77631 0.50973
 0.06213 0.12167 0.76362 0.08786 0.82292 0.39060 0.88800 0.32142 0.64396
 0.18081 0.13544 0.40158 0.22218 0.13461 0.32598 0.43403 0.10927 0.33051
 0.24232 0.54435 0.35393 0.58773]
初期化5 , Fitness:0.9971740008074282
[0.25527 0.00170 0.49840 0.47994 0.87822 0.34670 0.94507 0.18311 0.93602
 0.47572 0.22530 0.83275 0.09753 0.94049 0.48556 0.81583 0.79931 0.55745
 0.76974 0.11151 0.84585 0.95474 0.55533 0.38539 0.56335 0.97365 0.90256
 0.49215 0.14670 0.76049 0.11396 0.82223 0.29968 0.77004 0.66887 0.98473
 0.22845 0.26910 0.82779 0.92500]
初期化6 , Fitness:0.9907741676694746
[0.51264 0.95595 0.32199 0.28004 0.59834 0.61498 0.32821 0.82234 0.20733
 0.55420 0.07891 0.47057 0.82578 0.00978 0.58261 0.29355 0.88545 0.50973
 0.31434 0.68310 0.97604 0.69247 0.85536 0.86978 0.31434 0.25506 0.32474
 0.08108 0.59594 0.62826 0.34393 0.15832 0.87845 0.73767 0.66251 0.99898
 0.37181 0.60661 0.07031 0.04864]
初期化7 , Fitness:0.9933641664990951
[0.30984 0.46498 0.00993 0.61797 0.16526 0.31297 0.00132 0.49740 0.40405
 0.37278 0.75699 0.99419 0.64227 0.90288 0.66054 0.40516 0.52351 0.85323
 0.18212 0.95621 0.22170 0.77283 0.64797 0.12723 0.82760 0.76900 0.09100
 0.56138 0.85286 0.86891 0.83148 0.37743 0.43796 0.61749 0.20694 0.77677
 0.04574 0.51837 0.93772 0.32503]
初期化8 , Fitness:0.994163815657074
[0.64514 0.76575 0.78327 0.86020 0.25311 0.14265 0.06502 0.83294 0.14647
 0.95441 0.03874 0.88496 0.59263 0.27330 0.48255 0.13701 0.08985 0.30784
 0.52188 0.36420 0.01974 0.12762 0.61677 0.77215 0.72036 0.29849 0.43021
 0.27920 0.12185 0.14269 0.99505 0.08617 0.57726 0.74626 0.62273 0.99625
 0.05801 0.18290 0.97312 0.38478]
初期化9 , Fitness:0.9945641232132072
[0.34820 0.26490 0.69446 0.65952 0.97320 0.22740 0.83156 0.98666 0.15289
 0.58341 0.77871 0.82701 0.78018 0.19876 0.29249 0.99320 0.85712 0.30825
 0.65575 0.06924 0.97691 0.54286 0.69758 0.27497 0.10090 0.26072 0.19322
 0.10118 0.15137 0.74245 0.93543 0.93788 0.51198 0.64059 0.25698 0.72648
 0.13324 0.78518 0.80029 0.51798]
初期化10 , Fitness:0.9925658026923849
[0.90460 0.30156 0.05504 0.54977 0.79327 0.98532 0.74909 0.22370 0.96710
 0.74299 0.13324 0.59193 0.50963 0.62030 0.17243 0.53771 0.85242 0.36389
 0.57785 0.15253 0.96093 0.85326 0.21124 0.50129 0.38317 0.47866 0.79714
 0.50652 0.26421 0.35564 0.26730 0.40308 0.02167 0.49293 0.11986 0.22357
 0.64014 0.72354 0.10553 0.20613]
Gen: 1, Best: 0.997165991902834
[0.25527 0.00170 0.49840 0.47994 0.87822 0.34670 0.94507 0.18311 0.93602
 0.47572 0.22530 0.83275 0.09753 0.94049 0.48556 0.81583 0.79931 0.55745
 0.76974 0.11151 0.84585 0.95474 0.55533 0.38539 0.56335 0.97365 0.90256
 0.49215 0.14670 0.76049 0.11396 0.82223 0.29968 0.77004 0.66887 0.98473
 0.22845 0.26910 0.82779 0.92500]
Gen: 2, Best: 0.997165991902834
[0.25527 0.00170 0.49840 0.47994 0.87822 0.34670 0.94507 0.18311 0.93602
 0.47572 0.22530 0.83275 0.09753 0.94049 0.48556 0.81583 0.79931 0.55745
 0.76974 0.11151 0.84585 0.95474 0.55533 0.38539 0.56335 0.97365 0.90256
 0.49215 0.14670 0.76049 0.11396 0.82223 0.29968 0.77004 0.66887 0.98473
 0.22845 0.26910 0.82779 0.92500]
Gen: 3, Best: 0.997165991902834
[0.25527 0.00170 0.49840 0.47994 0.87822 0.34670 0.94507 0.18311 0.93602
 0.47572 0.22530 0.83275 0.09753 0.94049 0.48556 0.81583 0.79931 0.55745
 0.76974 0.11151 0.84585 0.95474 0.55533 0.38539 0.56335 0.97365 0.90256
 0.49215 0.14670 0.76049 0.11396 0.82223 0.29968 0.77004 0.66887 0.98473
 0.22845 0.26910 0.82779 0.92500]
Gen: 4, Best: 0.9977732793522267
[0.25527 0.00170 0.49840 0.47994 0.87822 0.34670 0.94507 0.18311 0.93602
 0.47572 0.22530 0.83275 0.09753 0.94049 0.48556 0.81583 0.79931 0.55745
 0.76974 0.11151 0.84585 0.95474 0.55533 0.38539 0.56335 0.97365 0.90256
 0.49215 0.14670 0.76049 0.64171 0.82223 0.29968 0.77004 0.66887 0.98473
 0.22845 0.26910 0.82779 0.92500]
Gen: 5, Best: 0.9977732793522267
[0.25527 0.00170 0.49840 0.47994 0.87822 0.34670 0.94507 0.18311 0.93602
 0.47572 0.22530 0.83275 0.09753 0.94049 0.48556 0.81583 0.79931 0.55745
 0.76974 0.11151 0.84585 0.95474 0.55533 0.38539 0.56335 0.97365 0.90256
 0.49215 0.14670 0.76049 0.64171 0.82223 0.29968 0.77004 0.66887 0.98473
 0.22845 0.26910 0.82779 0.92500]
True Positives (TP): 3945
True Negatives (TN): 985
False Positives (FP): 2
False Negatives (FN): 8
検知率: 0.9980
誤警報率: 0.0020
適合率: 0.9995
F値: 0.9987
誤分類したデータ (正解ラベルでソート):
True: DoS, Predicted: normal
True: DoS, Predicted: Probe
True: DoS, Predicted: normal
True: DoS, Predicted: normal
True: DoS, Predicted: normal
True: Probe, Predicted: normal
True: Probe, Predicted: normal
True: R2L, Predicted: normal
True: R2L, Predicted: Probe
True: R2L, Predicted: DoS
True: R2L, Predicted: normal
True: normal, Predicted: DoS
True: normal, Predicted: DoS

誤分類(正解):
DoS       5
R2L       4
normal    2
Probe     2

誤分類(予測):
normal    8
DoS       3
Probe     2

------学習セット-----
精度: 0.9997975708502024
誤分類(正解):
Probe    1

誤分類(予測):
normal    1

------検証セット-----
精度: 0.9977732793522267
誤分類(正解):
normal    4
DoS       3
R2L       3
Probe     1

誤分類(予測):
normal    5
Probe     3
DoS       2
R2L       1
Best Solution: [0.25527 0.00170 0.49840 0.47994 0.87822 0.34670 0.94507 0.18311 0.93602
 0.47572 0.22530 0.83275 0.09753 0.94049 0.48556 0.81583 0.79931 0.55745
 0.76974 0.11151 0.84585 0.95474 0.55533 0.38539 0.56335 0.97365 0.90256
 0.49215 0.14670 0.76049 0.64171 0.82223 0.29968 0.77004 0.66887 0.98473
 0.22845 0.26910 0.82779 0.92500]
精度: 0.9973684210526317
C = 8934.578286462236
gamma = 0.05452340877361378
デフォルト精度: 0.9978543378810575
実行時間: 8.5323秒
SVMの実行時間: 8.5216秒
SVMの実行時間H: 0.0024時間
精度:0.9915  [0.79101 0.68936 0.54768 0.00351 0.59155 0.90474 0.28364 0.11961 0.61977
 0.59667 0.07137 0.21620 0.13013 0.40152 0.97065 0.19555 0.44709 0.95224
 0.56139 0.36776 0.00226 0.60846 0.57700 0.99975 0.65129 0.02403 0.10823
 0.10073 0.75402 0.90983 0.85899 0.93397 0.33442 0.44132 0.03585 0.26902
 0.28541 0.81734 0.78220 0.79714]
精度:0.9937  [0.85752 0.33127 0.51763 0.28356 0.58783 0.96248 0.92090 0.83296 0.95144
 0.62046 0.83904 0.62049 0.51899 0.52529 0.60957 0.16169 0.55114 0.60587
 0.19098 0.97634 0.58554 0.01822 0.99171 0.73203 0.52694 0.55982 0.53622
 0.08172 0.06653 0.07312 0.24544 0.84301 0.30321 0.53861 0.91438 0.19460
 0.25183 0.61485 0.66045 0.77820]
精度:0.9919  [0.95389 0.54957 0.23112 0.98619 0.22777 0.52017 0.10341 0.50453 0.28637
 0.85403 0.42555 0.76150 0.12609 0.32249 0.48987 0.64539 0.87009 0.98798
 0.38732 0.28024 0.10332 0.97916 0.00820 0.00595 0.49786 0.45503 0.57042
 0.95402 0.73149 0.00324 0.59038 0.90034 0.54790 0.08040 0.20361 0.18297
 0.32716 0.57407 0.25492 0.55130]
精度:0.9824  [0.08315 0.47323 0.51767 0.08464 0.11013 0.36972 0.42529 0.29591 0.01917
 0.85342 0.82112 0.03047 0.39567 0.34606 0.41314 0.56669 0.77631 0.50973
 0.06213 0.12167 0.76362 0.08786 0.82292 0.39060 0.88800 0.32142 0.64396
 0.18081 0.13544 0.40158 0.22218 0.13461 0.32598 0.43403 0.10927 0.33051
 0.24232 0.54435 0.35393 0.58773]
精度:0.9978  [0.25527 0.00170 0.49840 0.47994 0.87822 0.34670 0.94507 0.18311 0.93602
 0.47572 0.22530 0.83275 0.09753 0.94049 0.48556 0.81583 0.79931 0.55745
 0.76974 0.11151 0.84585 0.95474 0.55533 0.38539 0.56335 0.97365 0.90256
 0.49215 0.14670 0.76049 0.64171 0.82223 0.29968 0.77004 0.66887 0.98473
 0.22845 0.26910 0.82779 0.92500]
精度:0.9907  [0.51264 0.95595 0.32199 0.28004 0.59834 0.61498 0.32821 0.82234 0.20733
 0.55420 0.07891 0.47057 0.82578 0.00978 0.58261 0.29355 0.88545 0.50973
 0.31434 0.68310 0.97604 0.69247 0.85536 0.86978 0.31434 0.25506 0.32474
 0.08108 0.59594 0.62826 0.34393 0.15832 0.87845 0.73767 0.66251 0.99898
 0.37181 0.60661 0.07031 0.04864]
精度:0.9943  [0.30984 0.46498 0.00993 0.61797 0.16526 0.31297 0.00132 0.49740 0.40405
 0.37278 0.75699 0.99419 0.64227 0.90288 0.66054 0.40516 0.52351 0.85323
 0.18212 0.95621 0.22170 0.77283 0.64797 0.12723 0.82760 0.76900 0.09100
 0.56138 0.85286 0.86891 0.83148 0.37743 0.43796 0.61749 0.20694 0.77677
 0.04574 0.51837 0.28769 0.32503]
精度:0.9949  [0.64514 0.76575 0.78327 0.86020 0.25311 0.14265 0.06502 0.83294 0.86167
 0.95441 0.03874 0.88496 0.59263 0.27330 0.48255 0.13701 0.08985 0.30784
 0.52188 0.36420 0.01974 0.52900 0.61677 0.77215 0.72036 0.29849 0.43021
 0.27920 0.12185 0.14269 0.99505 0.08617 0.57726 0.74626 0.62273 0.99625
 0.05801 0.18290 0.97312 0.38478]
精度:0.9945  [0.34820 0.26490 0.69446 0.65952 0.97320 0.22740 0.83156 0.98666 0.15289
 0.58341 0.77871 0.82701 0.78018 0.19876 0.29249 0.99320 0.85712 0.30825
 0.65575 0.06924 0.97691 0.54286 0.69758 0.27497 0.10090 0.26072 0.19322
 0.10118 0.15137 0.74245 0.93543 0.93788 0.51198 0.64059 0.25698 0.72648
 0.13324 0.78518 0.80029 0.51798]
精度:0.9925  [0.90460 0.30156 0.05504 0.54977 0.79327 0.98532 0.74909 0.22370 0.96710
 0.74299 0.13324 0.59193 0.50963 0.62030 0.17243 0.53771 0.85242 0.36389
 0.57785 0.15253 0.96093 0.85326 0.21124 0.50129 0.38317 0.47866 0.79714
 0.50652 0.26421 0.35564 0.26730 0.40308 0.02167 0.49293 0.11986 0.22357
 0.64014 0.72354 0.10553 0.20613]

--- 最終結果（平均値）---
平均分類精度: 0.9955465587044536
デフォルト精度: 0.9978543378810575
平均実行時間: 10.6177秒
平均実行時間H: 0.0029時間
平均TP: 3936.60
平均TN: 982.80
平均FP: 4.20
平均FN: 16.40
平均検知率: 0.9959
平均誤警報率: 0.0043
平均適合率: 0.9989
平均F値: 0.9974
平均学習セット分類精度: 0.9998
平均検証セット分類精度: 0.9964
