正規化(0で有効): 0
データセット: kdd99
打ち切り学習回数: 1.0e+09
r_range = (-10, 10)
コロニーサイズ: 10
偵察バチのLIMIT: 100
サイクル数: 500
試行回数: 2
###############

1試行目

###############
初期化1 , Fitness:0.9982420335832205
[    4.00000 33076.56134    19.54175     3.12230     2.63342]
初期化2 , Fitness:0.8293657455595475
[   3.00000 3879.77527   14.48638    9.04847    1.98015]
初期化3 , Fitness:0.8293657455595475
[    3.00000 15015.25001    17.68303     0.58112     2.83343]
初期化4 , Fitness:0.9974559844936197
[    1.00000 24540.62573    28.00501    -1.15349     1.66044]
初期化5 , Fitness:0.9978387767880585
[   2.00000 3474.23452   17.18158   -0.77836    1.43321]
初期化6 , Fitness:0.8299788313564732
[    3.00000 27360.67077     2.05051     3.48733     1.32907]
初期化7 , Fitness:0.9983227240577954
[    2.00000 13892.12155     8.93276     4.29248     2.57060]
初期化8 , Fitness:0.997798469027085
[    2.00000 16827.54403    16.96976    -7.35497     2.48313]
初期化9 , Fitness:0.9973754340628279
[    2.00000 20413.30585    30.68799    -2.66754     1.56392]
初期化10 , Fitness:0.9974559844936197
[    1.00000 23024.06693    23.20664    -4.30317     2.25404]
Gen: 1, Best: 0.9983199060766772
[    2.00000 13892.12155     8.93276     4.29248     2.57060]
Gen: 2, Best: 0.9983199060766772
[    2.00000 13892.12155     8.93276     4.29248     2.57060]
Gen: 3, Best: 0.9983199060766772
[    2.00000 13892.12155     8.93276     4.29248     2.57060]
Gen: 4, Best: 0.9983199060766772
[    2.00000 13892.12155     8.93276     4.29248     2.57060]
Gen: 5, Best: 0.9984211165539856
[    4.00000 15015.25001    14.55993     0.58112     2.83343]
Gen: 6, Best: 0.9984413586494474
[    4.00000 26516.65362    14.55993     0.58112     2.83343]
Gen: 7, Best: 0.9984413586494474
[    4.00000 26516.65362    14.55993     0.58112     2.83343]
Gen: 8, Best: 0.9986235375086028
[   2.00000 3474.23452    4.95071   -0.77836    1.43321]
Gen: 9, Best: 0.9987449900813732
[   2.00000 3474.23452    3.96946   -0.77836    1.43321]
Gen: 10, Best: 0.9987449900813732
[   2.00000 3474.23452    3.96946   -0.77836    1.43321]
Gen: 11, Best: 0.9987449900813732
[   2.00000 3474.23452    3.96946   -0.77836    1.43321]
Gen: 12, Best: 0.9987449900813732
[   2.00000 3474.23452    3.96946   -0.77836    1.43321]
Gen: 13, Best: 0.998765232176835
[   2.00000 3131.28104    3.96946   -0.77836    1.43321]
Gen: 14, Best: 0.998765232176835
[   2.00000 3131.28104    3.96946   -0.77836    1.43321]
Gen: 15, Best: 0.998765232176835
[   2.00000 3131.28104    3.96946   -0.77836    1.43321]
Gen: 16, Best: 0.998765232176835
[   2.00000 3131.28104    3.96946   -0.77836    1.43321]
Gen: 17, Best: 0.9988057163677584
[   2.00000 3131.28104    3.03590   -0.77836    1.43321]
Gen: 18, Best: 0.9988057163677584
[   2.00000 3131.28104    3.03590   -0.77836    1.43321]
Gen: 19, Best: 0.9988057163677584
[   2.00000 3131.28104    3.03590   -0.77836    1.43321]
Gen: 20, Best: 0.9988057163677584
[   2.00000 3131.28104    3.03590   -0.77836    1.43321]
Gen: 21, Best: 0.9988057163677584
[   2.00000 3131.28104    3.03590   -0.77836    1.43321]
Gen: 22, Best: 0.9988057163677584
[   2.00000 3131.28104    3.03590   -0.77836    1.43321]
Gen: 23, Best: 0.9988057163677584
[   2.00000 3131.28104    3.03590   -0.77836    1.43321]
Gen: 24, Best: 0.9988462005586818
[   2.00000 8908.79608    3.03590   -0.77836    1.43321]
Gen: 25, Best: 0.9988462005586818
[   2.00000 8908.79608    3.03590   -0.77836    1.43321]
Gen: 26, Best: 0.9988462005586818
[   2.00000 8908.79608    3.03590   -0.77836    1.43321]
Gen: 27, Best: 0.9988462005586818
[   2.00000 8908.79608    3.03590   -0.77836    1.43321]
Gen: 28, Best: 0.9988462005586818
[   2.00000 8908.79608    3.03590   -0.77836    1.43321]
Gen: 29, Best: 0.9988462005586818
[   2.00000 8908.79608    3.03590   -0.77836    1.43321]
Gen: 30, Best: 0.9988462005586818
[   2.00000 8908.79608    3.03590   -0.77836    1.43321]
Gen: 31, Best: 0.9988462005586818
[   2.00000 8908.79608    3.03590   -0.77836    1.43321]
Gen: 32, Best: 0.9988462005586818
[   2.00000 8908.79608    3.03590   -0.77836    1.43321]
Gen: 33, Best: 0.9988462005586818
[   2.00000 8908.79608    3.03590   -0.77836    1.43321]
Gen: 34, Best: 0.9988462005586818
[   2.00000 8908.79608    3.03590   -0.77836    1.43321]
Gen: 35, Best: 0.9988462005586818
[   2.00000 8908.79608    3.03590   -0.77836    1.43321]
Gen: 36, Best: 0.9989271689405288
[  2.00000 207.40727   3.03590  -0.77836   1.43321]
Gen: 37, Best: 0.9989271689405288
[  2.00000 207.40727   3.03590  -0.77836   1.43321]
Gen: 38, Best: 0.9989271689405288
[  2.00000 207.40727   3.03590  -0.77836   1.43321]
Gen: 39, Best: 0.9989271689405288
[  2.00000 207.40727   3.03590  -0.77836   1.43321]
Gen: 40, Best: 0.9991498319906076
[ 4.00000 91.94793  0.93486 10.00000  1.98015]
Gen: 41, Best: 0.9991498319906076
[ 4.00000 91.94793  0.93486 10.00000  1.98015]
Gen: 42, Best: 0.9991498319906076
[ 4.00000 91.94793  0.93486 10.00000  1.98015]
Gen: 43, Best: 0.9991498319906076
[ 4.00000 91.94793  0.93486 10.00000  1.98015]
Gen: 44, Best: 0.9991498319906076
[ 4.00000 91.94793  0.93486 10.00000  1.98015]
Gen: 45, Best: 0.9991498319906076
[ 4.00000 91.94793  0.93486 10.00000  1.98015]
Gen: 46, Best: 0.9991498319906076
[ 4.00000 91.94793  0.93486 10.00000  1.98015]
Gen: 47, Best: 0.9991498319906076
[ 4.00000 91.94793  0.93486 10.00000  1.98015]
Gen: 48, Best: 0.9991498319906076
[ 4.00000 91.94793  0.93486 10.00000  1.98015]
Gen: 49, Best: 0.9991498319906076
[ 4.00000 91.94793  0.93486 10.00000  1.98015]
Gen: 50, Best: 0.9991498319906076
[ 4.00000 91.94793  0.93486 10.00000  1.98015]
Gen: 51, Best: 0.9991498319906076
[ 4.00000 91.94793  0.93486 10.00000  1.98015]
Gen: 52, Best: 0.9991498319906076
[ 4.00000 91.94793  0.93486 10.00000  1.98015]
Gen: 53, Best: 0.9991498319906076
[ 4.00000 91.94793  0.93486 10.00000  1.98015]
Gen: 54, Best: 0.9991498319906076
[ 4.00000 91.94793  0.93486 10.00000  1.98015]
Gen: 55, Best: 0.9991498319906076
[ 4.00000 91.94793  0.93486 10.00000  1.98015]
Gen: 56, Best: 0.9991498319906076
[ 4.00000 91.94793  0.93486 10.00000  1.98015]
Gen: 57, Best: 0.9991498319906076
[ 4.00000 91.94793  0.93486 10.00000  1.98015]
Gen: 58, Best: 0.9991498319906076
[ 4.00000 91.94793  0.93486 10.00000  1.98015]
Gen: 59, Best: 0.9991498319906076
[ 4.00000 91.94793  0.93486 10.00000  1.98015]
Gen: 60, Best: 0.9991498319906076
[ 4.00000 91.94793  0.93486 10.00000  1.98015]
Gen: 61, Best: 0.9991498319906076
[ 4.00000 91.94793  0.93486 10.00000  1.98015]
Gen: 62, Best: 0.9991498319906076
[ 4.00000 91.94793  0.93486 10.00000  1.98015]
Gen: 63, Best: 0.9991498319906076
[ 4.00000 91.94793  0.93486 10.00000  1.98015]
Gen: 64, Best: 0.9991498319906076
[ 4.00000 91.94793  0.93486 10.00000  1.98015]
Gen: 65, Best: 0.9991498319906076
[ 4.00000 91.94793  0.93486 10.00000  1.98015]
Gen: 66, Best: 0.9991498319906076
[ 4.00000 91.94793  0.93486 10.00000  1.98015]
Gen: 67, Best: 0.9991498319906076
[ 4.00000 91.94793  0.93486 10.00000  1.98015]
Gen: 68, Best: 0.9991903161815312
[ 2.00000 91.94793  0.93486 10.00000  1.98015]
Gen: 69, Best: 0.9991903161815312
[ 2.00000 91.94793  0.93486 10.00000  1.98015]
Gen: 70, Best: 0.9991903161815312
[ 2.00000 91.94793  0.93486 10.00000  1.98015]
Gen: 71, Best: 0.9991903161815312
[ 2.00000 91.94793  0.93486 10.00000  1.98015]
Gen: 72, Best: 0.9991903161815312
[ 2.00000 91.94793  0.93486 10.00000  1.98015]
Gen: 73, Best: 0.9991903161815312
[ 2.00000 91.94793  0.93486 10.00000  1.98015]
Gen: 74, Best: 0.9991903161815312
[ 2.00000 91.94793  0.93486 10.00000  1.98015]
Gen: 75, Best: 0.9991903161815312
[ 2.00000 91.94793  0.93486 10.00000  1.98015]
Gen: 76, Best: 0.9991903161815312
[ 2.00000 91.94793  0.93486 10.00000  1.98015]
Gen: 77, Best: 0.9991903161815312
[ 2.00000 91.94793  0.93486 10.00000  1.98015]
Gen: 78, Best: 0.9991903161815312
[ 2.00000 91.94793  0.93486 10.00000  1.98015]
Gen: 79, Best: 0.9991903161815312
[ 2.00000 91.94793  0.93486 10.00000  1.98015]
Gen: 80, Best: 0.9991903161815312
[ 2.00000 91.94793  0.93486 10.00000  1.98015]
Gen: 81, Best: 0.9991903161815312
[ 2.00000 91.94793  0.93486 10.00000  1.98015]
Gen: 82, Best: 0.9991903161815312
[ 2.00000 91.94793  0.93486 10.00000  1.98015]
Gen: 83, Best: 0.9991903161815312
[ 2.00000 91.94793  0.93486 10.00000  1.98015]
Gen: 84, Best: 0.9991903161815312
[ 2.00000 91.94793  0.93486 10.00000  1.98015]
Gen: 85, Best: 0.9991903161815312
[ 2.00000 91.94793  0.93486 10.00000  1.98015]
Gen: 86, Best: 0.9991903161815312
[ 2.00000 91.94793  0.93486 10.00000  1.98015]
Gen: 87, Best: 0.9991903161815312
[ 2.00000 91.94793  0.93486 10.00000  1.98015]
Gen: 88, Best: 0.9992105582769928
[  2.00000 197.89766   0.93486  10.00000   1.98015]
Gen: 89, Best: 0.9992105582769928
[  2.00000 197.89766   0.93486  10.00000   1.98015]
Gen: 90, Best: 0.9992105582769928
[  2.00000 197.89766   0.93486  10.00000   1.98015]
Gen: 91, Best: 0.9992105582769928
[  2.00000 197.89766   0.93486  10.00000   1.98015]
Gen: 92, Best: 0.9992105582769928
[  2.00000 197.89766   0.93486  10.00000   1.98015]
Gen: 93, Best: 0.9992105582769928
[  2.00000 197.89766   0.93486  10.00000   1.98015]
Gen: 94, Best: 0.9992105582769928
[  2.00000 197.89766   0.93486  10.00000   1.98015]
Gen: 95, Best: 0.9992105582769928
[  2.00000 197.89766   0.93486  10.00000   1.98015]
Gen: 96, Best: 0.9992105582769928
[  2.00000 197.89766   0.93486  10.00000   1.98015]
Gen: 97, Best: 0.9992105582769928
[  2.00000 197.89766   0.93486  10.00000   1.98015]
Gen: 98, Best: 0.9992308003724546
[  2.00000 261.50917   0.54238  -0.77836   1.43321]
Gen: 99, Best: 0.9992308003724546
[  2.00000 261.50917   0.54238  -0.77836   1.43321]
Gen: 100, Best: 0.9992308003724546
[  2.00000 261.50917   0.54238  -0.77836   1.43321]
Gen: 101, Best: 0.9992308003724546
[  2.00000 261.50917   0.54238  -0.77836   1.43321]
Gen: 102, Best: 0.9992308003724546
[  2.00000 261.50917   0.54238  -0.77836   1.43321]
Gen: 103, Best: 0.9992308003724546
[  2.00000 261.50917   0.54238  -0.77836   1.43321]
Gen: 104, Best: 0.9992308003724546
[  2.00000 261.50917   0.54238  -0.77836   1.43321]
Gen: 105, Best: 0.9992308003724546
[  2.00000 261.50917   0.54238  -0.77836   1.43321]
Gen: 106, Best: 0.9992308003724546
[  2.00000 261.50917   0.54238  -0.77836   1.43321]
Gen: 107, Best: 0.9992308003724546
[  2.00000 261.50917   0.54238  -0.77836   1.43321]
Gen: 108, Best: 0.9992308003724546
[  2.00000 261.50917   0.54238  -0.77836   1.43321]
Gen: 109, Best: 0.9992308003724546
[  2.00000 261.50917   0.54238  -0.77836   1.43321]
Gen: 110, Best: 0.9992308003724546
[  2.00000 261.50917   0.54238  -0.77836   1.43321]
Gen: 111, Best: 0.9992308003724546
[  2.00000 261.50917   0.54238  -0.77836   1.43321]
Gen: 112, Best: 0.9992308003724546
[  2.00000 261.50917   0.54238  -0.77836   1.43321]
Gen: 113, Best: 0.9992308003724546
[  2.00000 261.50917   0.54238  -0.77836   1.43321]
Gen: 114, Best: 0.9992308003724546
[  2.00000 261.50917   0.54238  -0.77836   1.43321]
Gen: 115, Best: 0.9992308003724546
[  2.00000 261.50917   0.54238  -0.77836   1.43321]
Gen: 116, Best: 0.9992308003724546
[  2.00000 261.50917   0.54238  -0.77836   1.43321]
Gen: 117, Best: 0.9992308003724546
[  2.00000 261.50917   0.54238  -0.77836   1.43321]
Gen: 118, Best: 0.9992308003724546
[  2.00000 261.50917   0.54238  -0.77836   1.43321]
Gen: 119, Best: 0.9992308003724546
[  2.00000 261.50917   0.54238  -0.77836   1.43321]
Gen: 120, Best: 0.9992308003724546
[  2.00000 261.50917   0.54238  -0.77836   1.43321]
Gen: 121, Best: 0.9992308003724546
[  2.00000 261.50917   0.54238  -0.77836   1.43321]
Gen: 122, Best: 0.9992308003724546
[  2.00000 261.50917   0.54238  -0.77836   1.43321]
Gen: 123, Best: 0.9992308003724546
[  2.00000 261.50917   0.54238  -0.77836   1.43321]
Gen: 124, Best: 0.999271284563378
[  2.00000 197.89766   0.68072  10.00000   1.98015]
Gen: 125, Best: 0.999271284563378
[  2.00000 197.89766   0.68072  10.00000   1.98015]
Gen: 126, Best: 0.9993117687543016
[  2.00000 399.01086   0.54238  -0.77836   1.43321]
Gen: 127, Best: 0.9993117687543016
[  2.00000 399.01086   0.54238  -0.77836   1.43321]
Gen: 128, Best: 0.9993117687543016
[  2.00000 399.01086   0.54238  -0.77836   1.43321]
Gen: 129, Best: 0.9993117687543016
[  2.00000 399.01086   0.54238  -0.77836   1.43321]
Gen: 130, Best: 0.9993117687543016
[  2.00000 399.01086   0.54238  -0.77836   1.43321]
Gen: 131, Best: 0.9993117687543016
[  2.00000 399.01086   0.54238  -0.77836   1.43321]
Gen: 132, Best: 0.9993117687543016
[  2.00000 399.01086   0.54238  -0.77836   1.43321]
Gen: 133, Best: 0.9993117687543016
[  2.00000 399.01086   0.54238  -0.77836   1.43321]
Gen: 134, Best: 0.9993117687543016
[  2.00000 399.01086   0.54238  -0.77836   1.43321]
Gen: 135, Best: 0.9993117687543016
[  2.00000 399.01086   0.54238  -0.77836   1.43321]
Gen: 136, Best: 0.9993117687543016
[  2.00000 399.01086   0.54238  -0.77836   1.43321]
Gen: 137, Best: 0.9993117687543016
[  2.00000 399.01086   0.54238  -0.77836   1.43321]
Gen: 138, Best: 0.9993117687543016
[  2.00000 399.01086   0.54238  -0.77836   1.43321]
Gen: 139, Best: 0.9993117687543016
[  2.00000 399.01086   0.54238  -0.77836   1.43321]
Gen: 140, Best: 0.9993117687543016
[  2.00000 399.01086   0.54238  -0.77836   1.43321]
Gen: 141, Best: 0.9993117687543016
[  2.00000 399.01086   0.54238  -0.77836   1.43321]
Gen: 142, Best: 0.9993117687543016
[  2.00000 399.01086   0.54238  -0.77836   1.43321]
Gen: 143, Best: 0.9993117687543016
[  2.00000 399.01086   0.54238  -0.77836   1.43321]
Gen: 144, Best: 0.9993117687543016
[  2.00000 399.01086   0.54238  -0.77836   1.43321]
Gen: 145, Best: 0.9993117687543016
[  2.00000 399.01086   0.54238  -0.77836   1.43321]
Gen: 146, Best: 0.9993117687543016
[  2.00000 399.01086   0.54238  -0.77836   1.43321]
Gen: 147, Best: 0.9993117687543016
[  2.00000 399.01086   0.54238  -0.77836   1.43321]
Gen: 148, Best: 0.9993117687543016
[  2.00000 399.01086   0.54238  -0.77836   1.43321]
Gen: 149, Best: 0.9993117687543016
[  2.00000 399.01086   0.54238  -0.77836   1.43321]
Gen: 150, Best: 0.9993117687543016
[  2.00000 399.01086   0.54238  -0.77836   1.43321]
Gen: 151, Best: 0.9993117687543016
[  2.00000 399.01086   0.54238  -0.77836   1.43321]
Gen: 152, Best: 0.9993117687543016
[  2.00000 399.01086   0.54238  -0.77836   1.43321]
Gen: 153, Best: 0.9993117687543016
[  2.00000 399.01086   0.54238  -0.77836   1.43321]
Gen: 154, Best: 0.9993117687543016
[  2.00000 399.01086   0.54238  -0.77836   1.43321]
Gen: 155, Best: 0.9993117687543016
[  2.00000 399.01086   0.54238  -0.77836   1.43321]
Gen: 156, Best: 0.9993117687543016
[  2.00000 399.01086   0.54238  -0.77836   1.43321]
Gen: 157, Best: 0.9993117687543016
[  2.00000 399.01086   0.54238  -0.77836   1.43321]
Gen: 158, Best: 0.9993117687543016
[  2.00000 399.01086   0.54238  -0.77836   1.43321]
Gen: 159, Best: 0.9993117687543016
[  2.00000 399.01086   0.54238  -0.77836   1.43321]
Gen: 160, Best: 0.9993117687543016
[  2.00000 399.01086   0.54238  -0.77836   1.43321]
Gen: 161, Best: 0.9993117687543016
[  2.00000 399.01086   0.54238  -0.77836   1.43321]
Gen: 162, Best: 0.9993117687543016
[  2.00000 399.01086   0.54238  -0.77836   1.43321]
Gen: 163, Best: 0.9993117687543016
[  2.00000 399.01086   0.54238  -0.77836   1.43321]
Gen: 164, Best: 0.9993117687543016
[  2.00000 399.01086   0.54238  -0.77836   1.43321]
Gen: 165, Best: 0.9993117687543016
[  2.00000 399.01086   0.54238  -0.77836   1.43321]
Gen: 166, Best: 0.9993117687543016
[  2.00000 399.01086   0.54238  -0.77836   1.43321]
Gen: 167, Best: 0.9993117687543016
[  2.00000 399.01086   0.54238  -0.77836   1.43321]
Gen: 168, Best: 0.9993117687543016
[  2.00000 399.01086   0.54238  -0.77836   1.43321]
Gen: 169, Best: 0.9993117687543016
[  2.00000 399.01086   0.54238  -0.77836   1.43321]
Gen: 170, Best: 0.9993117687543016
[  2.00000 399.01086   0.54238  -0.77836   1.43321]
Gen: 171, Best: 0.9993117687543016
[  2.00000 399.01086   0.54238  -0.77836   1.43321]
Gen: 172, Best: 0.9993117687543016
[  2.00000 399.01086   0.54238  -0.77836   1.43321]
Gen: 173, Best: 0.9993117687543016
[  2.00000 399.01086   0.54238  -0.77836   1.43321]
Gen: 174, Best: 0.9993117687543016
[  2.00000 399.01086   0.54238  -0.77836   1.43321]
Gen: 175, Best: 0.9993117687543016
[  2.00000 399.01086   0.54238  -0.77836   1.43321]
Gen: 176, Best: 0.9993117687543016
[  2.00000 399.01086   0.54238  -0.77836   1.43321]
Gen: 177, Best: 0.9993117687543016
[  2.00000 399.01086   0.54238  -0.77836   1.43321]
Gen: 178, Best: 0.9993117687543016
[  2.00000 399.01086   0.54238  -0.77836   1.43321]
Gen: 179, Best: 0.9993117687543016
[  2.00000 399.01086   0.54238  -0.77836   1.43321]
Gen: 180, Best: 0.9993117687543016
[  2.00000 399.01086   0.54238  -0.77836   1.43321]
Gen: 181, Best: 0.9993117687543016
[  2.00000 399.01086   0.54238  -0.77836   1.43321]
Gen: 182, Best: 0.9993117687543016
[  2.00000 399.01086   0.54238  -0.77836   1.43321]
Gen: 183, Best: 0.9993117687543016
[  2.00000 399.01086   0.54238  -0.77836   1.43321]
Gen: 184, Best: 0.9993117687543016
[  2.00000 399.01086   0.54238  -0.77836   1.43321]
Gen: 185, Best: 0.9993117687543016
[  2.00000 399.01086   0.54238  -0.77836   1.43321]
Gen: 186, Best: 0.9993117687543016
[  2.00000 399.01086   0.54238  -0.77836   1.43321]
Gen: 187, Best: 0.9993117687543016
[  2.00000 399.01086   0.54238  -0.77836   1.43321]
Gen: 188, Best: 0.9993117687543016
[  2.00000 399.01086   0.54238  -0.77836   1.43321]
Gen: 189, Best: 0.9993117687543016
[  2.00000 399.01086   0.54238  -0.77836   1.43321]
Gen: 190, Best: 0.9993117687543016
[  2.00000 399.01086   0.54238  -0.77836   1.43321]
Gen: 191, Best: 0.9993117687543016
[  2.00000 399.01086   0.54238  -0.77836   1.43321]
Gen: 192, Best: 0.9993117687543016
[  2.00000 399.01086   0.54238  -0.77836   1.43321]
Gen: 193, Best: 0.9993117687543016
[  2.00000 399.01086   0.54238  -0.77836   1.43321]
Gen: 194, Best: 0.9993117687543016
[  2.00000 399.01086   0.54238  -0.77836   1.43321]
Gen: 195, Best: 0.9993117687543016
[    1.00000 34600.98914    31.45762     0.77836     2.56679]
Gen: 196, Best: 0.9993117687543016
[    1.00000 34600.98914    31.45762     0.77836     2.56679]
Gen: 197, Best: 0.9993117687543016
[    1.00000 34600.98914    31.45762     0.77836     2.56679]
Gen: 198, Best: 0.9993117687543016
[    1.00000 34600.98914    31.45762     0.77836     2.56679]
Gen: 199, Best: 0.9993117687543016
[    1.00000 34600.98914    31.45762     0.77836     2.56679]
Gen: 200, Best: 0.9993117687543016
[    1.00000 34600.98914    31.45762     0.77836     2.56679]
Gen: 201, Best: 0.9993117687543016
[    1.00000 34600.98914    31.45762     0.77836     2.56679]
Gen: 202, Best: 0.9993117687543016
[    1.00000 34600.98914    31.45762     0.77836     2.56679]
Gen: 203, Best: 0.9993117687543016
[    1.00000 34600.98914    31.45762     0.77836     2.56679]
Gen: 204, Best: 0.9993117687543016
[    1.00000 34600.98914    31.45762     0.77836     2.56679]
Gen: 205, Best: 0.9993117687543016
[    1.00000 34600.98914    31.45762     0.77836     2.56679]
Gen: 206, Best: 0.9993117687543016
[    1.00000 34600.98914    31.45762     0.77836     2.56679]
Gen: 207, Best: 0.9993117687543016
[    1.00000 34600.98914    31.45762     0.77836     2.56679]
Gen: 208, Best: 0.9993117687543016
[    1.00000 29893.59126    31.45762     0.77836     2.56679]
Gen: 209, Best: 0.9993117687543016
[    4.00000 29893.59126    31.45762     0.77836     2.56679]
Gen: 210, Best: 0.9993117687543016
[    4.00000 29893.59126    31.45762     0.95838     2.56679]
Gen: 211, Best: 0.9993117687543016
[    4.00000 29893.59126    31.45762     0.95838     2.56679]
Gen: 212, Best: 0.9993117687543016
[    4.00000 29893.59126    31.45762     0.95838     2.56679]
Gen: 213, Best: 0.9993117687543016
[    4.00000 29893.59126    31.45762     0.95838     2.56679]
Gen: 214, Best: 0.9993117687543016
[    4.00000 29893.59126    31.45762     0.95838     2.56679]
Gen: 215, Best: 0.9993117687543016
[    4.00000 29893.59126    31.45762     0.95838     2.56679]
Gen: 216, Best: 0.9993117687543016
[    4.00000 29893.59126    31.45762     0.95838     2.56679]
Gen: 217, Best: 0.9993117687543016
[    4.00000 29893.59126    31.45762     0.95838     2.56679]
Gen: 218, Best: 0.9993117687543016
[    4.00000 29893.59126    31.45762     0.95838     2.56679]
Gen: 219, Best: 0.9993117687543016
[    4.00000 29893.59126    31.45762     0.95838     2.56679]
Gen: 220, Best: 0.9993117687543016
[    4.00000 29893.59126    31.45762     0.95838     2.56679]
Gen: 221, Best: 0.9993117687543016
[    4.00000 29893.59126    31.45762     0.95838     2.56679]
Gen: 222, Best: 0.9993117687543016
[    4.00000 29893.59126    31.45762     0.95838     2.56679]
Gen: 223, Best: 0.9993117687543016
[    4.00000 29893.59126    31.45762     0.95838     2.56679]
Gen: 224, Best: 0.9993117687543016
[    4.00000 29893.59126    30.83727     0.95838     2.56679]
Gen: 225, Best: 0.9993117687543016
[    4.00000 29893.59126    30.83727     0.95838     2.56679]
Gen: 226, Best: 0.9993117687543016
[    4.00000 29893.59126    30.83727     0.95838     2.56679]
Gen: 227, Best: 0.9993117687543016
[    4.00000 29893.59126    30.83727     0.95838     2.56679]
Gen: 228, Best: 0.9993117687543016
[    4.00000 29893.59126    30.83727     0.95838     2.56679]
Gen: 229, Best: 0.9993117687543016
[    4.00000 29893.59126    30.83727     0.95838     2.56679]
Gen: 230, Best: 0.9993117687543016
[    4.00000 29893.59126    30.83727     0.95838     2.56679]
Gen: 231, Best: 0.9993117687543016
[    4.00000 29893.59126    30.83727     0.95838     2.56679]
Gen: 232, Best: 0.9993117687543016
[    4.00000 29893.59126    30.83727     0.95838     2.56679]
Gen: 233, Best: 0.9993117687543016
[    4.00000 29893.59126    30.83727     0.95838     2.56679]
Gen: 234, Best: 0.9993117687543016
[    4.00000 29893.59126    30.83727     0.95838     2.56679]
Gen: 235, Best: 0.9993117687543016
[    4.00000 29893.59126    30.83727     0.95838     2.56679]
Gen: 236, Best: 0.9993117687543016
[    4.00000 29893.59126    30.83727     0.95838     2.56679]
Gen: 237, Best: 0.9993117687543016
[    4.00000 29893.59126    30.83727     0.95838     2.56679]
Gen: 238, Best: 0.9993117687543016
[    4.00000 29893.59126    30.83727     0.95838     2.56679]
Gen: 239, Best: 0.9993117687543016
[    4.00000 29893.59126    30.83727     0.95838     2.56679]
Gen: 240, Best: 0.9993117687543016
[    4.00000 29893.59126    30.83727     0.95838     2.56679]
Gen: 241, Best: 0.9993117687543016
[    4.00000 29893.59126    30.83727     0.95838     2.56679]
Gen: 242, Best: 0.9993117687543016
[    4.00000 29893.59126    30.83727     0.95838     2.56679]
Gen: 243, Best: 0.9993117687543016
[    4.00000 29893.59126    30.83727     0.95838     2.56679]
Gen: 244, Best: 0.9993117687543016
[    4.00000 29893.59126    30.83727     0.95838     2.56679]
Gen: 245, Best: 0.9993117687543016
[    4.00000 29893.59126    30.83727     0.95838     2.56679]
Gen: 246, Best: 0.9993117687543016
[    4.00000 29893.59126    30.83727     0.95838     2.56679]
Gen: 247, Best: 0.9993320108497632
[  2.00000 404.72346   0.51046   0.58112   2.83343]
Gen: 248, Best: 0.9993320108497632
[  2.00000 404.72346   0.51046   0.58112   2.83343]
Gen: 249, Best: 0.9993320108497632
[  2.00000 404.72346   0.51046   0.58112   2.83343]
Gen: 250, Best: 0.9993320108497632
[  2.00000 404.72346   0.51046   0.58112   2.83343]
Gen: 251, Best: 0.9993320108497632
[  2.00000 404.72346   0.51046   0.58112   2.83343]
Gen: 252, Best: 0.9993320108497632
[  2.00000 404.72346   0.51046   0.58112   2.83343]
Gen: 253, Best: 0.9993320108497632
[  2.00000 404.72346   0.51046   0.58112   2.83343]
Gen: 254, Best: 0.9993320108497632
[  2.00000 404.72346   0.51046   0.58112   2.83343]
Gen: 255, Best: 0.9993320108497632
[  2.00000 404.72346   0.51046   0.58112   2.83343]
Gen: 256, Best: 0.9993320108497632
[  2.00000 404.72346   0.51046   0.58112   2.83343]
Gen: 257, Best: 0.9993320108497632
[  2.00000 404.72346   0.51046   0.58112   2.83343]
Gen: 258, Best: 0.9993320108497632
[  2.00000 404.72346   0.51046   0.58112   2.83343]
Gen: 259, Best: 0.9993320108497632
[  2.00000 404.72346   0.51046   0.58112   2.83343]
Gen: 260, Best: 0.9993320108497632
[  2.00000 404.72346   0.51046   0.58112   2.83343]
Gen: 261, Best: 0.9993320108497632
[  2.00000 404.72346   0.51046   0.58112   2.83343]
Gen: 262, Best: 0.9993320108497632
[  2.00000 404.72346   0.51046   0.58112   2.83343]
Gen: 263, Best: 0.9993320108497632
[  2.00000 404.72346   0.51046   0.58112   2.83343]
Gen: 264, Best: 0.9993320108497632
[  2.00000 404.72346   0.51046   0.58112   2.83343]
Gen: 265, Best: 0.9993320108497632
[  2.00000 404.72346   0.51046   0.58112   2.83343]
Gen: 266, Best: 0.9993320108497632
[  2.00000 404.72346   0.51046   0.58112   2.83343]
Gen: 267, Best: 0.9993320108497632
[  2.00000 404.72346   0.51046   0.58112   2.83343]
Gen: 268, Best: 0.9993320108497632
[  2.00000 404.72346   0.51046   0.58112   2.83343]
Gen: 269, Best: 0.9993320108497632
[  2.00000 404.72346   0.51046   0.58112   2.83343]
Gen: 270, Best: 0.9993320108497632
[  2.00000 404.72346   0.51046   0.58112   2.83343]
Gen: 271, Best: 0.9993320108497632
[  2.00000 404.72346   0.51046   0.58112   2.83343]
Gen: 272, Best: 0.9993320108497632
[  2.00000 404.72346   0.51046   0.58112   2.83343]
Gen: 273, Best: 0.9993320108497632
[  2.00000 404.72346   0.51046   0.58112   2.83343]
Gen: 274, Best: 0.9993320108497632
[  2.00000 404.72346   0.51046   0.58112   2.83343]
Gen: 275, Best: 0.9993320108497632
[  2.00000 404.72346   0.51046   0.58112   2.83343]
Gen: 276, Best: 0.9993320108497632
[  2.00000 404.72346   0.51046   0.58112   2.83343]
Gen: 277, Best: 0.9993320108497632
[  2.00000 404.72346   0.51046   0.58112   2.83343]
Gen: 278, Best: 0.9993320108497632
[  2.00000 404.72346   0.51046   0.58112   2.83343]
Gen: 279, Best: 0.9993320108497632
[  2.00000 404.72346   0.51046   0.58112   2.83343]
Gen: 280, Best: 0.9993320108497632
[  2.00000 404.72346   0.51046   0.58112   2.83343]
Gen: 281, Best: 0.9993320108497632
[  2.00000 404.72346   0.51046   0.58112   2.83343]
Gen: 282, Best: 0.9993320108497632
[  2.00000 404.72346   0.51046   0.58112   2.83343]
Gen: 283, Best: 0.9993320108497632
[  2.00000 404.72346   0.51046   0.58112   2.83343]
Gen: 284, Best: 0.9993320108497632
[  2.00000 404.72346   0.51046   0.58112   2.83343]
Gen: 285, Best: 0.9993320108497632
[  2.00000 404.72346   0.51046   0.58112   2.83343]
Gen: 286, Best: 0.9993320108497632
[  2.00000 404.72346   0.51046   0.58112   2.83343]
Gen: 287, Best: 0.9993320108497632
[  2.00000 404.72346   0.51046   0.58112   2.83343]
Gen: 288, Best: 0.9993320108497632
[  2.00000 404.72346   0.51046   0.58112   2.83343]
Gen: 289, Best: 0.9993320108497632
[  2.00000 404.72346   0.51046   0.58112   2.83343]
Gen: 290, Best: 0.9993320108497632
[  2.00000 404.72346   0.51046   0.58112   2.83343]
Gen: 291, Best: 0.9993320108497632
[  2.00000 404.72346   0.51046   0.58112   2.83343]
Gen: 292, Best: 0.9993320108497632
[  2.00000 404.72346   0.51046   0.58112   2.83343]
Gen: 293, Best: 0.9993320108497632
[  2.00000 404.72346   0.51046   0.58112   2.83343]
Gen: 294, Best: 0.9993320108497632
[  2.00000 404.72346   0.51046   0.58112   2.83343]
Gen: 295, Best: 0.9993320108497632
[  2.00000 404.72346   0.51046   0.58112   2.83343]
Gen: 296, Best: 0.9993320108497632
[  2.00000 404.72346   0.51046   0.58112   2.83343]
Gen: 297, Best: 0.9993320108497632
[  2.00000 404.72346   0.51046   0.58112   2.83343]
Gen: 298, Best: 0.9993320108497632
[  2.00000 404.72346   0.51046   0.58112   2.83343]
Gen: 299, Best: 0.9993320108497632
[  2.00000 404.72346   0.51046   0.58112   2.83343]
Gen: 300, Best: 0.9993320108497632
[  2.00000 404.72346   0.51046   0.58112   2.83343]
Gen: 301, Best: 0.9993320108497632
[  2.00000 404.72346   0.51046   0.58112   2.83343]
Gen: 302, Best: 0.9993320108497632
[  2.00000 404.72346   0.51046   0.58112   2.83343]
Gen: 303, Best: 0.9993320108497632
[  2.00000 404.72346   0.51046   0.58112   2.83343]
Gen: 304, Best: 0.9993320108497632
[  2.00000 404.72346   0.51046   0.58112   2.83343]
Gen: 305, Best: 0.9993320108497632
[  2.00000 404.72346   0.51046   0.58112   2.83343]
Gen: 306, Best: 0.9993320108497632
[  2.00000 404.72346   0.51046   0.58112   2.83343]
Gen: 307, Best: 0.9993320108497632
[  2.00000 404.72346   0.51046   0.58112   2.83343]
Gen: 308, Best: 0.9993320108497632
[  2.00000 404.72346   0.51046   0.58112   2.83343]
Gen: 309, Best: 0.9993320108497632
[  2.00000 404.72346   0.51046   0.58112   2.83343]
Gen: 310, Best: 0.9993320108497632
[  2.00000 404.72346   0.51046   0.58112   2.83343]
Gen: 311, Best: 0.9993320108497632
[  2.00000 404.72346   0.51046   0.58112   2.83343]
Gen: 312, Best: 0.9993320108497632
[  2.00000 404.72346   0.51046   0.58112   2.83343]
Gen: 313, Best: 0.9993320108497632
[  2.00000 404.72346   0.51046   0.58112   2.83343]
Gen: 314, Best: 0.9993320108497632
[  2.00000 404.72346   0.51046   0.58112   2.83343]
Gen: 315, Best: 0.9993320108497632
[  2.00000 404.72346   0.51046   0.58112   2.83343]
Gen: 316, Best: 0.9993320108497632
[  2.00000 404.72346   0.51046   0.58112   2.83343]
Gen: 317, Best: 0.9993320108497632
[  2.00000 404.72346   0.51046   0.58112   2.83343]
Gen: 318, Best: 0.9993320108497632
[  2.00000 404.72346   0.51046   0.58112   2.83343]
Gen: 319, Best: 0.9993320108497632
[  2.00000 404.72346   0.51046   0.58112   2.83343]
Gen: 320, Best: 0.9993320108497632
[  2.00000 404.72346   0.51046   0.58112   2.83343]
Gen: 321, Best: 0.9993320108497632
[  2.00000 404.72346   0.51046   0.58112   2.83343]
Gen: 322, Best: 0.9993320108497632
[  2.00000 404.72346   0.51046   0.58112   2.83343]
Gen: 323, Best: 0.9993320108497632
[  2.00000 404.72346   0.51046   0.58112   2.83343]
Gen: 324, Best: 0.9993320108497632
[  2.00000 404.72346   0.51046   0.58112   2.83343]
Gen: 325, Best: 0.9993320108497632
[    3.00000 34595.27654    31.48954    -0.58112     1.16657]
Gen: 326, Best: 0.9993320108497632
[    3.00000 34595.27654    31.48954    -0.58112     1.16657]
Gen: 327, Best: 0.9993320108497632
[    3.00000 34595.27654    31.48954    -0.58112     1.16657]
Gen: 328, Best: 0.9993320108497632
[    3.00000 34595.27654    31.48954     6.26038     1.16657]
Gen: 329, Best: 0.9993320108497632
[    3.00000 34595.27654    31.48954     6.26038     1.16657]
Gen: 330, Best: 0.9993320108497632
[    3.00000 34595.27654    31.48954     6.26038     1.16657]
Gen: 331, Best: 0.9993320108497632
[    3.00000 34595.27654    31.48954     6.26038     1.16657]
Gen: 332, Best: 0.9993320108497632
[    3.00000 34595.27654    31.48954     6.26038     1.16657]
Gen: 333, Best: 0.9993320108497632
[    3.00000 34595.27654    31.48954     6.26038     1.16657]
Gen: 334, Best: 0.9993320108497632
[    3.00000 34595.27654    31.48954     6.26038     1.16657]
Gen: 335, Best: 0.9993320108497632
[    3.00000 34595.27654    31.48954     6.26038     1.16657]
Gen: 336, Best: 0.9993320108497632
[    3.00000 34595.27654    31.48954     6.26038     1.16657]
Gen: 337, Best: 0.9993320108497632
[    3.00000 34812.27072    31.48954     6.26038     1.16657]
Gen: 338, Best: 0.9993320108497632
[    3.00000 34812.27072    31.48954     6.26038     1.16657]
Gen: 339, Best: 0.9993320108497632
[    2.00000 34812.27072    31.48954     6.26038     1.16657]
Gen: 340, Best: 0.9993320108497632
[    2.00000 34812.27072    31.48954     6.26038     1.16657]
Gen: 341, Best: 0.9993320108497632
[    2.00000 34812.27072    15.19084     6.26038     1.16657]
Gen: 342, Best: 0.9993320108497632
[    2.00000 34812.27072    15.19084     6.26038     1.16657]
Gen: 343, Best: 0.9993320108497632
[    2.00000 34812.27072    15.19084     6.26038     1.16657]
Gen: 344, Best: 0.9993320108497632
[    2.00000 34812.27072    15.19084     6.26038     1.16657]
Gen: 345, Best: 0.9993320108497632
[    2.00000 34812.27072    14.79445     6.26038     1.16657]
Gen: 346, Best: 0.9993320108497632
[    2.00000 34812.27072    14.79445     6.26038     1.16657]
Gen: 347, Best: 0.9993320108497632
[    2.00000 30029.66592    14.79445     6.26038     1.16657]
Gen: 348, Best: 0.9993320108497632
[    2.00000 30029.66592    14.79445     6.26038     1.16657]
Gen: 349, Best: 0.9993320108497632
[    2.00000 30029.66592    14.79445     6.26038     1.16657]
Gen: 350, Best: 0.9993320108497632
[    2.00000 30029.66592    14.79445     6.26038     1.16657]
Gen: 351, Best: 0.9993320108497632
[    2.00000 30029.66592    14.79445     6.26038     1.16657]
Gen: 352, Best: 0.9993320108497632
[    2.00000 30029.66592    14.79445     6.26038     1.16657]
Gen: 353, Best: 0.9993320108497632
[    2.00000 30029.66592    14.79445     6.26038     1.16657]
Gen: 354, Best: 0.9993320108497632
[    2.00000 30029.66592    14.79445     6.26038     1.16657]
Gen: 355, Best: 0.9993320108497632
[    2.00000 30029.66592    14.79445     6.26038     1.16657]
Gen: 356, Best: 0.9993320108497632
[    2.00000 30029.66592    14.79445     6.26038     1.16657]
Gen: 357, Best: 0.9993320108497632
[    2.00000 30029.66592    14.79445     6.26038     1.16657]
Gen: 358, Best: 0.9993320108497632
[    2.00000 30029.66592    14.79445     6.26038     1.16657]
Gen: 359, Best: 0.9993320108497632
[    2.00000 30029.66592    14.79445     6.26038     1.16657]
Gen: 360, Best: 0.9993320108497632
[    2.00000 30029.66592    14.79445     6.26038     1.16657]
Gen: 361, Best: 0.9993320108497632
[    2.00000 30029.66592    14.79445     6.26038     1.16657]
Gen: 362, Best: 0.9993320108497632
[    2.00000 30029.66592    14.79445     6.26038     1.16657]
Gen: 363, Best: 0.9993320108497632
[    2.00000 30029.66592    14.79445     6.26038     1.16657]
Gen: 364, Best: 0.9993320108497632
[    2.00000 30029.66592    14.79445     6.26038     1.16657]
Gen: 365, Best: 0.9993320108497632
[    2.00000 30029.66592    14.79445     6.26038     1.16657]
Gen: 366, Best: 0.9993320108497632
[    2.00000 30029.66592     4.12129     6.26038     1.16657]
Gen: 367, Best: 0.9993320108497632
[    2.00000 30029.66592     4.12129     6.26038     1.16657]
Gen: 368, Best: 0.9993320108497632
[    2.00000 30029.66592     4.12129     6.26038     1.16657]
Gen: 369, Best: 0.9993320108497632
[    2.00000 30029.66592     4.12129     6.26038     1.16657]
Gen: 370, Best: 0.9993320108497632
[    2.00000 30029.66592     4.12129     6.26038     1.16657]
Gen: 371, Best: 0.9993320108497632
[    2.00000 30029.66592     4.12129     6.26038     1.16657]
Gen: 372, Best: 0.9993320108497632
[    2.00000 30029.66592     4.12129     6.26038     1.16657]
Gen: 373, Best: 0.9993320108497632
[    2.00000 30029.66592     4.12129     6.26038     1.16657]
Gen: 374, Best: 0.9993320108497632
[    2.00000 30029.66592     3.43095     6.26038     1.16657]
Gen: 375, Best: 0.9993320108497632
[    2.00000 30029.66592     3.43095     6.26038     1.16657]
Gen: 376, Best: 0.9993320108497632
[    2.00000 30029.66592     3.43095     6.26038     1.16657]
Gen: 377, Best: 0.9993320108497632
[    2.00000 30029.66592     3.43095     6.26038     1.16657]
Gen: 378, Best: 0.9993320108497632
[    2.00000 30029.66592     3.43095     6.26038     1.16657]
Gen: 379, Best: 0.9993320108497632
[    2.00000 30029.66592     3.43095     6.26038     1.16657]
Gen: 380, Best: 0.9993320108497632
[    2.00000 30029.66592     1.48750     6.26038     1.16657]
Gen: 381, Best: 0.9993320108497632
[    2.00000 18562.08448     1.48750     6.26038     1.16657]
Gen: 382, Best: 0.9993320108497632
[    2.00000 18562.08448     1.48750     6.26038     1.16657]
Gen: 383, Best: 0.9993320108497632
[    2.00000 18562.08448     1.48750     6.26038     1.16657]
Gen: 384, Best: 0.9993320108497632
[    2.00000 18562.08448     1.48750     6.26038     1.16657]
Gen: 385, Best: 0.9993320108497632
[    2.00000 18562.08448     1.48750     6.26038     1.16657]
Gen: 386, Best: 0.9993320108497632
[    2.00000 18562.08448     1.48750     6.26038     1.16657]
Gen: 387, Best: 0.9993320108497632
[    2.00000 18562.08448     1.13742     6.26038     1.16657]
Gen: 388, Best: 0.9993320108497632
[    2.00000 18562.08448     1.13742     6.26038     1.16657]
Gen: 389, Best: 0.9993320108497632
[    2.00000 18562.08448     1.13029     6.26038     1.16657]
Gen: 390, Best: 0.9993320108497632
[    2.00000 18562.08448     1.13029     6.26038     1.16657]
Gen: 391, Best: 0.9993320108497632
[    2.00000 18562.08448     1.13029     6.26038     1.16657]
Gen: 392, Best: 0.9993320108497632
[    2.00000 18562.08448     1.13029     6.26038     1.16657]
Gen: 393, Best: 0.9993320108497632
[    2.00000 18562.08448     1.13029     6.26038     1.16657]
Gen: 394, Best: 0.9993320108497632
[    2.00000 18562.08448     1.13029     6.26038     1.16657]
Gen: 395, Best: 0.9993320108497632
[    2.00000 18562.08448     1.13029     6.26038     1.16657]
Gen: 396, Best: 0.9993320108497632
[    2.00000 18562.08448     1.13029     6.26038     1.16657]
Gen: 397, Best: 0.9993320108497632
[    2.00000 18562.08448     1.13029     6.26038     1.16657]
Gen: 398, Best: 0.9993320108497632
[    2.00000 18562.08448     1.13029     6.26038     1.16657]
Gen: 399, Best: 0.9993320108497632
[    2.00000 18562.08448     1.13029     6.26038     1.16657]
Gen: 400, Best: 0.9993320108497632
[    2.00000 18562.08448     1.13029     6.26038     1.16657]
Gen: 401, Best: 0.9993320108497632
[    2.00000 18562.08448     1.13029     6.26038     1.16657]
Gen: 402, Best: 0.9993320108497632
[    2.00000 18562.08448     1.13029     6.26038     1.16657]
Gen: 403, Best: 0.9993320108497632
[    2.00000 18562.08448     1.13029     6.26038     1.16657]
Gen: 404, Best: 0.9993320108497632
[    2.00000 18562.08448     1.13029     6.26038     1.16657]
Gen: 405, Best: 0.9993320108497632
[    2.00000 18562.08448     1.13029     6.26038     1.16657]
Gen: 406, Best: 0.9993320108497632
[    2.00000 18562.08448     1.13029     6.26038     1.16657]
Gen: 407, Best: 0.9993320108497632
[    2.00000 18562.08448     1.13029     6.26038     1.16657]
Gen: 408, Best: 0.9993320108497632
[    2.00000 18562.08448     1.13029     6.26038     1.16657]
Gen: 409, Best: 0.9993320108497632
[    2.00000 18562.08448     1.13029     6.26038     1.16657]
Gen: 410, Best: 0.9993320108497632
[    2.00000 18562.08448     1.13029     6.26038     1.16657]
Gen: 411, Best: 0.9993320108497632
[    2.00000 18562.08448     1.13029     6.26038     1.16657]
Gen: 412, Best: 0.9993320108497632
[    2.00000 18562.08448     1.13029     6.26038     1.16657]
Gen: 413, Best: 0.9993320108497632
[    2.00000 18562.08448     1.13029     6.26038     1.16657]
Gen: 414, Best: 0.9993320108497632
[    2.00000 18562.08448     1.13029     6.26038     1.16657]
Gen: 415, Best: 0.9993320108497632
[    2.00000 18562.08448     1.13029     6.26038     1.16657]
Gen: 416, Best: 0.9993320108497632
[    2.00000 18562.08448     1.13029     6.26038     1.16657]
Gen: 417, Best: 0.9993320108497632
[    2.00000 18562.08448     1.13029     6.26038     1.16657]
Gen: 418, Best: 0.9993320108497632
[    2.00000 18562.08448     1.13029     6.26038     1.16657]
Gen: 419, Best: 0.9993320108497632
[    2.00000 18562.08448     1.13029     6.26038     1.16657]
Gen: 420, Best: 0.9993320108497632
[    2.00000 18562.08448     1.13029     6.26038     1.16657]
Gen: 421, Best: 0.9993320108497632
[    2.00000 18562.08448     1.13029     6.26038     1.16657]
Gen: 422, Best: 0.9993320108497632
[    2.00000 18562.08448     1.13029     6.26038     1.16657]
Gen: 423, Best: 0.9993320108497632
[    2.00000 18562.08448     1.13029     6.26038     1.16657]
Gen: 424, Best: 0.9993320108497632
[    2.00000 18562.08448     1.13029     6.26038     1.16657]
Gen: 425, Best: 0.9993320108497632
[    2.00000 18562.08448     1.13029     6.26038     1.16657]
Gen: 426, Best: 0.9993320108497632
[    2.00000 18562.08448     1.13029     6.26038     1.16657]
Gen: 427, Best: 0.9993320108497632
[    2.00000 18562.08448     1.13029     6.26038     1.16657]
Gen: 428, Best: 0.9993320108497632
[    2.00000 18562.08448     1.13029     6.26038     1.16657]
Gen: 429, Best: 0.9993320108497632
[    2.00000 18562.08448     1.13029     6.26038     1.16657]
Gen: 430, Best: 0.9993320108497632
[    2.00000 18562.08448     1.13029     6.26038     1.16657]
Gen: 431, Best: 0.9993320108497632
[    2.00000 18562.08448     1.13029     6.26038     1.16657]
Gen: 432, Best: 0.9993320108497632
[    2.00000 18562.08448     1.13029     6.26038     1.16657]
Gen: 433, Best: 0.9993320108497632
[    2.00000 18562.08448     1.13029     6.26038     1.16657]
Gen: 434, Best: 0.9993320108497632
[    2.00000 18562.08448     1.13029     6.26038     1.16657]
Gen: 435, Best: 0.9993320108497632
[    2.00000 18562.08448     1.13029     6.26038     1.16657]
Gen: 436, Best: 0.9993320108497632
[    2.00000 18562.08448     1.13029     6.26038     1.16657]
Gen: 437, Best: 0.9993320108497632
[   2.00000 2835.64964    1.13029    6.26038    1.16657]
Gen: 438, Best: 0.9993320108497632
[   2.00000 2835.64964    1.13029    6.26038    1.16657]
Gen: 439, Best: 0.9993320108497632
[   2.00000 2835.64964    1.13029    6.26038    1.16657]
Gen: 440, Best: 0.9993320108497632
[   2.00000 2835.64964    1.13029    6.26038    1.16657]
Gen: 441, Best: 0.9993320108497632
[   2.00000 2835.64964    1.13029    6.26038    1.16657]
Gen: 442, Best: 0.9993320108497632
[   2.00000 2835.64964    1.13029    6.26038    1.16657]
Gen: 443, Best: 0.9993320108497632
[   2.00000 2835.64964    1.13029    6.26038    1.16657]
Gen: 444, Best: 0.9993320108497632
[   2.00000 2835.64964    1.13029    6.26038    1.16657]
Gen: 445, Best: 0.9993320108497632
[   2.00000 2835.64964    1.13029    6.26038    1.16657]
Gen: 446, Best: 0.9993320108497632
[   2.00000 2835.64964    1.16501    6.26038    1.16657]
Gen: 447, Best: 0.9993320108497632
[   2.00000 2835.64964    1.16501    6.26038    1.16657]
Gen: 448, Best: 0.9993320108497632
[   2.00000 2835.64964    1.16501    6.26038    1.16657]
Gen: 449, Best: 0.9993320108497632
[   2.00000 2835.64964    1.16501    6.26038    1.16657]
Gen: 450, Best: 0.9993320108497632
[   2.00000 2835.64964    1.16501    6.26038    1.16657]
Gen: 451, Best: 0.9993320108497632
[   2.00000 2835.64964    1.16501    6.26038    1.16657]
Gen: 452, Best: 0.9993320108497632
[   2.00000 2835.64964    1.16501    6.26038    1.16657]
Gen: 453, Best: 0.9993320108497632
[   2.00000 1157.04470    1.16501    6.26038    1.16657]
Gen: 454, Best: 0.9993320108497632
[   2.00000 1157.04470    1.16501    6.26038    1.16657]
Gen: 455, Best: 0.9993320108497632
[   2.00000 1157.04470    1.16501    6.26038    1.16657]
Gen: 456, Best: 0.9993320108497632
[   2.00000 1157.04470    1.16501    6.26038    1.16657]
Gen: 457, Best: 0.9993320108497632
[   2.00000 1157.04470    1.16501    6.26038    1.16657]
Gen: 458, Best: 0.9993320108497632
[   2.00000 1157.04470    1.16501    6.26038    1.16657]
Gen: 459, Best: 0.9993320108497632
[   2.00000 1157.04470    1.16501    6.26038    1.16657]
Gen: 460, Best: 0.9993320108497632
[   2.00000 1157.04470    1.16501    6.26038    1.16657]
Gen: 461, Best: 0.9993320108497632
[   2.00000 1157.04470    1.16501    6.26038    1.16657]
Gen: 462, Best: 0.9993320108497632
[   2.00000 1157.04470    1.16501    6.26038    1.16657]
Gen: 463, Best: 0.9993320108497632
[   2.00000 1157.04470    1.16501    6.26038    1.16657]
Gen: 464, Best: 0.9993320108497632
[   2.00000 1157.04470    0.67451    6.26038    1.16657]
Gen: 465, Best: 0.9993320108497632
[   2.00000 1157.04470    0.67451    6.26038    1.16657]
Gen: 466, Best: 0.9993320108497632
[   2.00000 1157.04470    0.67451    6.26038    1.16657]
Gen: 467, Best: 0.9993320108497632
[   2.00000 1157.04470    0.67451    6.26038    1.16657]
Gen: 468, Best: 0.9993320108497632
[  2.00000 820.49260   0.67451   6.26038   1.16657]
Gen: 469, Best: 0.9993320108497632
[  2.00000 820.49260   0.67451   6.26038   1.16657]
Gen: 470, Best: 0.9993320108497632
[  2.00000 820.49260   0.67451   6.26038   1.16657]
Gen: 471, Best: 0.9993320108497632
[  2.00000 820.49260   0.65244   6.26038   1.16657]
Gen: 472, Best: 0.9993320108497632
[  2.00000 820.49260   0.65244   6.26038   1.16657]
Gen: 473, Best: 0.9993320108497632
[  2.00000 820.49260   0.65244   6.26038   1.16657]
Gen: 474, Best: 0.9993320108497632
[  2.00000 820.49260   0.65244   6.26038   1.16657]
Gen: 475, Best: 0.9993320108497632
[  2.00000 820.49260   0.65244   6.26038   1.16657]
Gen: 476, Best: 0.9993320108497632
[  2.00000 820.49260   0.65244   6.26038   1.16657]
Gen: 477, Best: 0.9993320108497632
[  2.00000 820.49260   0.65244   6.26038   1.16657]
Gen: 478, Best: 0.9993320108497632
[  2.00000 451.73756   0.65244   6.26038   1.16657]
Gen: 479, Best: 0.9993320108497632
[  2.00000 451.73756   0.65244   6.26038   1.16657]
Gen: 480, Best: 0.9993320108497632
[  2.00000 451.73756   0.65244   6.26038   1.16657]
Gen: 481, Best: 0.9993320108497632
[  2.00000 451.73756   0.65244   6.26038   1.16657]
Gen: 482, Best: 0.9993320108497632
[  2.00000 451.73756   0.65244   6.26038   1.16657]
Gen: 483, Best: 0.9993320108497632
[  2.00000 451.73756   0.65244   6.26038   1.16657]
Gen: 484, Best: 0.9993320108497632
[  2.00000 451.73756   0.65244   6.26038   1.16657]
Gen: 485, Best: 0.9993320108497632
[  2.00000 451.73756   0.45547   6.26038   1.16657]
Gen: 486, Best: 0.9993320108497632
[  2.00000 451.73756   0.45547   6.26038   1.16657]
Gen: 487, Best: 0.9993320108497632
[  2.00000 451.73756   0.45547   6.26038   1.16657]
Gen: 488, Best: 0.9993320108497632
[  2.00000 451.73756   0.45547   6.26038   1.16657]
Gen: 489, Best: 0.9993320108497632
[  2.00000 451.73756   0.45547   6.26038   1.16657]
Gen: 490, Best: 0.9993320108497632
[  2.00000 451.73756   0.45547   6.26038   1.16657]
Gen: 491, Best: 0.9993320108497632
[  2.00000 451.73756   0.45547   6.26038   1.16657]
Gen: 492, Best: 0.9993320108497632
[  2.00000 451.73756   0.45547   6.26038   1.16657]
Gen: 493, Best: 0.9993320108497632
[  2.00000 451.73756   0.45547   6.26038   1.16657]
Gen: 494, Best: 0.9993320108497632
[  2.00000 451.73756   0.45547   6.26038   1.16657]
Gen: 495, Best: 0.9993320108497632
[  2.00000 451.73756   0.45547   6.26038   1.16657]
Gen: 496, Best: 0.9993320108497632
[  2.00000 451.73756   0.45547   6.26038   1.16657]
Gen: 497, Best: 0.9993320108497632
[  2.00000 451.73756   0.45547   6.26038   1.16657]
Gen: 498, Best: 0.9993320108497632
[  2.00000 451.73756   0.45547   6.26038   1.16657]
Gen: 499, Best: 0.9993320108497632
[  2.00000 451.73756   0.45547   6.26038   1.16657]
Gen: 500, Best: 0.9993320108497632
[  2.00000 451.73756   0.49498   6.26038   1.16657]
True Positives (TP): 39612
True Negatives (TN): 9751
False Positives (FP): 15
False Negatives (FN): 24
検知率: 0.9994
誤警報率: 0.0015
適合率: 0.9996
F値: 0.9995
誤分類したデータ (正解ラベルでソート):
True: DoS, Predicted: normal
True: DoS, Predicted: normal
True: DoS, Predicted: normal
True: DoS, Predicted: normal
True: DoS, Predicted: R2L
True: DoS, Predicted: normal
True: Probe, Predicted: normal
True: Probe, Predicted: normal
True: Probe, Predicted: normal
True: Probe, Predicted: normal
True: Probe, Predicted: normal
True: Probe, Predicted: normal
True: Probe, Predicted: normal
True: R2L, Predicted: normal
True: R2L, Predicted: normal
True: R2L, Predicted: normal
True: R2L, Predicted: normal
True: R2L, Predicted: normal
True: R2L, Predicted: normal
True: R2L, Predicted: normal
True: R2L, Predicted: normal
True: R2L, Predicted: DoS
True: R2L, Predicted: normal
True: R2L, Predicted: normal
True: R2L, Predicted: normal
True: U2R, Predicted: normal
True: U2R, Predicted: DoS
True: normal, Predicted: R2L
True: normal, Predicted: DoS
True: normal, Predicted: Probe
True: normal, Predicted: R2L
True: normal, Predicted: R2L
True: normal, Predicted: Probe
True: normal, Predicted: R2L
True: normal, Predicted: DoS
True: normal, Predicted: DoS
True: normal, Predicted: Probe
True: normal, Predicted: Probe
True: normal, Predicted: R2L
True: normal, Predicted: DoS
True: normal, Predicted: R2L
True: normal, Predicted: DoS

誤分類(正解):
normal    15
R2L       12
Probe      7
DoS        6
U2R        2

誤分類(予測):
normal    24
R2L        7
DoS        7
Probe      4

------学習セット-----
精度: 0.9997773369499211
誤分類(正解):
normal    5
R2L       4
DoS       1
Probe     1

誤分類(予測):
normal    6
DoS       3
R2L       2

------学習セット-----
精度: 0.9997773369499211
誤分類(正解):
normal    5
R2L       4
DoS       1
Probe     1

誤分類(予測):
normal    6
DoS       3
R2L       2

------検証セット-----
精度: 0.9993320108497632
誤分類(正解):
R2L       11
normal    10
Probe      5
DoS        4
U2R        3

誤分類(予測):
normal    21
R2L        6
DoS        4
Probe      2

------検証セット-----
精度: 0.9993320108497632
誤分類(正解):
R2L       11
normal    10
Probe      5
DoS        4
U2R        3

誤分類(予測):
normal    21
R2L        6
DoS        4
Probe      2
Best Solution: [  2.00000 451.73756   0.49498   6.26038   1.16657]
精度: 0.9991498319906076
デフォルト精度: 0.9978543378810575
実行時間: 98098.1601秒
SVMの実行時間: 98097.4681秒
SVMの実行時間H: 27.2493時間
精度:0.9985  [    4.00000 28998.91045    24.80115   -10.00000     1.69276]
精度:0.9992  [   2.00000 6244.36668    0.07735    3.54529    2.01985]
精度:0.9993  [  2.00000 451.73756   0.49498   6.26038   1.16657]
精度:0.9991  [   2.00000 2599.55648    0.67434    0.27881    1.66044]
精度:0.9991  [   2.00000 2429.55438    0.69629   -2.39948    1.43321]
精度:0.9991  [   2.00000 2813.73207    0.47663   -4.99460    1.30919]
精度:0.9983  [    4.00000 11059.25175    31.50131     0.21699     2.12455]
精度:0.9988  [    4.00000 19731.58558     0.44520     2.80033     1.64309]
精度:0.9991  [   2.00000 6976.24147    0.35237    1.35978    2.43608]
精度:0.9992  [   2.00000 8575.33287    0.07378   -2.69993    2.51218]
###############

2試行目

###############
初期化1 , Fitness:0.8293657455595475
[    3.00000 20572.87908     9.51532     6.19858     2.95810]
初期化2 , Fitness:0.9973955704508289
[   1.00000 4886.85317    2.18188    4.48407    1.64857]
初期化3 , Fitness:0.998282377189969
[    2.00000 33802.90702     9.74371    -6.72597     1.75301]
初期化4 , Fitness:0.8296164438772083
[    3.00000 31479.12283    28.45455    -7.84814     1.90610]
初期化5 , Fitness:0.9983227240577954
[    2.00000 22127.47555     8.43051    -5.76539     2.25895]
初期化6 , Fitness:0.998282377189969
[    4.00000 25543.13267    26.92961     4.80881     2.70390]
初期化7 , Fitness:0.8389430424888769
[    3.00000 24901.60122     1.44771    -4.35996     1.95875]
初期化8 , Fitness:0.9981613561513748
[    4.00000 31688.99006    31.27949     2.16153     2.54363]
初期化9 , Fitness:0.9973754340628279
[    2.00000 30443.04042    29.42404    -3.94882     1.34807]
初期化10 , Fitness:0.9984236054971705
[   4.00000 5864.68227   26.59755    0.37473    2.83490]
Gen: 1, Best: 0.9984211165539856
[   4.00000 5864.68227   26.59755    0.37473    2.83490]
Gen: 2, Best: 0.9984211165539856
[   4.00000 5864.68227   26.59755    0.37473    2.83490]
Gen: 3, Best: 0.9986640216995264
[    2.00000 33802.90702     4.12600    -6.72597     1.75301]
Gen: 4, Best: 0.9986640216995264
[    2.00000 33802.90702     4.12600    -6.72597     1.75301]
Gen: 5, Best: 0.9986640216995264
[    2.00000 33802.90702     4.12600    -6.72597     1.75301]
Gen: 6, Best: 0.9986640216995264
[    2.00000 33802.90702     4.12600    -6.72597     1.75301]
Gen: 7, Best: 0.9986640216995264
[    2.00000 33802.90702     4.12600    -6.72597     1.75301]
Gen: 8, Best: 0.9986640216995264
[    2.00000 33802.90702     4.12600    -6.72597     1.75301]
Gen: 9, Best: 0.9986640216995264
[    2.00000 33802.90702     4.12600    -6.72597     1.75301]
Gen: 10, Best: 0.9988866847496052
[    2.00000 24901.60122     1.44771    -9.81185     1.95875]
Gen: 11, Best: 0.9988866847496052
[    2.00000 24901.60122     1.44771    -9.81185     1.95875]
Gen: 12, Best: 0.9988866847496052
[    2.00000 24901.60122     1.44771    -9.81185     1.95875]
Gen: 13, Best: 0.9988866847496052
[    2.00000 24901.60122     1.44771    -9.81185     1.95875]
Gen: 14, Best: 0.998906926845067
[    2.00000 24901.60122     1.34422    -9.81185     1.95875]
Gen: 15, Best: 0.998906926845067
[    2.00000 24901.60122     1.34422    -9.81185     1.95875]
Gen: 16, Best: 0.998906926845067
[    2.00000 24901.60122     1.34422    -9.81185     1.95875]
Gen: 17, Best: 0.998906926845067
[    2.00000 24901.60122     1.34422    -9.81185     1.95875]
Gen: 18, Best: 0.998906926845067
[    2.00000 24901.60122     1.34422    -9.81185     1.95875]
Gen: 19, Best: 0.998906926845067
[    2.00000 24901.60122     1.34422    -9.81185     1.95875]
Gen: 20, Best: 0.998906926845067
[    2.00000 24901.60122     1.34422    -9.81185     1.95875]
Gen: 21, Best: 0.998906926845067
[    2.00000 24901.60122     1.34422    -9.81185     1.95875]
Gen: 22, Best: 0.998906926845067
[    2.00000 24901.60122     1.34422    -9.81185     1.95875]
Gen: 23, Best: 0.998906926845067
[    2.00000 24901.60122     1.34422    -9.81185     1.95875]
Gen: 24, Best: 0.998906926845067
[    2.00000 24901.60122     1.34422    -9.81185     1.95875]
Gen: 25, Best: 0.998906926845067
[    2.00000 24901.60122     1.34422    -9.81185     1.95875]
Gen: 26, Best: 0.998906926845067
[    2.00000 24901.60122     1.34422    -9.81185     1.95875]
Gen: 27, Best: 0.998906926845067
[    2.00000 24901.60122     1.34422    -9.81185     1.95875]
Gen: 28, Best: 0.998906926845067
[    2.00000 24901.60122     1.34422    -9.81185     1.95875]
Gen: 29, Best: 0.998906926845067
[    2.00000 24901.60122     1.34422    -9.81185     1.95875]
Gen: 30, Best: 0.998906926845067
[    2.00000 24901.60122     1.34422    -9.81185     1.95875]
Gen: 31, Best: 0.998906926845067
[    2.00000 24901.60122     1.34422    -9.81185     1.95875]
Gen: 32, Best: 0.998906926845067
[    2.00000 24901.60122     1.34422    -9.81185     1.95875]
Gen: 33, Best: 0.9989271689405288
[    2.00000 11141.06109     2.18188     3.45112     1.64857]
Gen: 34, Best: 0.9989271689405288
[    2.00000 11141.06109     2.18188     3.45112     1.64857]
Gen: 35, Best: 0.9989271689405288
[    2.00000 11141.06109     2.18188     3.45112     1.64857]
Gen: 36, Best: 0.9989271689405288
[    2.00000 11141.06109     2.18188     3.45112     1.64857]
Gen: 37, Best: 0.9989271689405288
[    2.00000 11141.06109     2.18188     3.45112     1.64857]
Gen: 38, Best: 0.9989271689405288
[    2.00000 11141.06109     2.18188     3.45112     1.64857]
Gen: 39, Best: 0.9989271689405288
[    2.00000 11141.06109     2.18188     3.45112     1.64857]
Gen: 40, Best: 0.9989271689405288
[    2.00000 11141.06109     2.18188     3.45112     1.64857]
Gen: 41, Best: 0.9989271689405288
[    2.00000 11141.06109     2.18188     3.45112     1.64857]
Gen: 42, Best: 0.9989271689405288
[    2.00000 11141.06109     2.18188     3.45112     1.64857]
Gen: 43, Best: 0.9989474110359904
[    2.00000 22127.47555     0.23152    -5.76539     2.25895]
Gen: 44, Best: 0.9989676531314522
[    2.00000 21516.21803     0.23152    -5.76539     2.25895]
Gen: 45, Best: 0.9989676531314522
[    2.00000 21516.21803     0.23152    -5.76539     2.25895]
Gen: 46, Best: 0.9989676531314522
[    2.00000 21516.21803     0.23152    -5.76539     2.25895]
Gen: 47, Best: 0.9989676531314522
[    2.00000 21516.21803     0.23152    -5.76539     2.25895]
Gen: 48, Best: 0.9989676531314522
[    2.00000 21516.21803     0.23152    -5.76539     2.25895]
Gen: 49, Best: 0.9989676531314522
[    2.00000 21516.21803     0.23152    -5.76539     2.25895]
Gen: 50, Best: 0.9989676531314522
[    2.00000 21516.21803     0.23152    -5.76539     2.25895]
Gen: 51, Best: 0.9989676531314522
[    2.00000 21516.21803     0.23152    -5.76539     2.25895]
Gen: 52, Best: 0.9989676531314522
[    2.00000 21516.21803     0.23152    -5.76539     2.25895]
Gen: 53, Best: 0.9989676531314522
[    2.00000 21516.21803     0.23152    -5.76539     2.25895]
Gen: 54, Best: 0.9989676531314522
[    2.00000 21516.21803     0.23152    -5.76539     2.25895]
Gen: 55, Best: 0.9989676531314522
[    2.00000 21516.21803     0.23152    -5.76539     2.25895]
Gen: 56, Best: 0.9990081373223756
[    2.00000 11648.19186     0.23152    -5.76539     2.25895]
Gen: 57, Best: 0.9990081373223756
[    2.00000 11648.19186     0.23152    -5.76539     2.25895]
Gen: 58, Best: 0.9990081373223756
[    2.00000 11648.19186     0.23152    -5.76539     2.25895]
Gen: 59, Best: 0.9990081373223756
[    2.00000 11648.19186     0.23152    -5.76539     2.25895]
Gen: 60, Best: 0.9990081373223756
[    2.00000 11648.19186     0.23152    -5.76539     2.25895]
Gen: 61, Best: 0.9990081373223756
[    2.00000 11648.19186     0.23152    -5.76539     2.25895]
Gen: 62, Best: 0.9990081373223756
[    2.00000 11648.19186     0.23152    -5.76539     2.25895]
Gen: 63, Best: 0.9990486215132992
[   2.00000 7699.25880    0.23152   -5.76539    2.25895]
Gen: 64, Best: 0.9990486215132992
[   2.00000 7699.25880    0.23152   -5.76539    2.25895]
Gen: 65, Best: 0.9990486215132992
[   2.00000 7699.25880    0.23152   -5.76539    2.25895]
Gen: 66, Best: 0.9990486215132992
[   2.00000 7699.25880    0.23152   -5.76539    2.25895]
Gen: 67, Best: 0.9990688636087608
[   2.00000 7699.25880    0.03517   -5.76539    2.25895]
Gen: 68, Best: 0.9990688636087608
[   2.00000 7699.25880    0.03517   -5.76539    2.25895]
Gen: 69, Best: 0.9990688636087608
[   2.00000 7699.25880    0.03517   -5.76539    2.25895]
Gen: 70, Best: 0.9990688636087608
[   2.00000 7699.25880    0.03517   -5.76539    2.25895]
Gen: 71, Best: 0.9990688636087608
[   2.00000 7699.25880    0.03517   -5.76539    2.25895]
Gen: 72, Best: 0.9990688636087608
[   2.00000 7699.25880    0.03517   -5.76539    2.25895]
Gen: 73, Best: 0.9991093477996842
[    2.00000 13564.62063     0.09772     6.19858     2.95810]
Gen: 74, Best: 0.9992105582769928
[  2.00000 474.04154   0.21573   3.45112   1.64857]
Gen: 75, Best: 0.9992105582769928
[  2.00000 474.04154   0.21573   3.45112   1.64857]
Gen: 76, Best: 0.9992105582769928
[  2.00000 474.04154   0.21573   3.45112   1.64857]
Gen: 77, Best: 0.9992105582769928
[  2.00000 474.04154   0.21573   3.45112   1.64857]
Gen: 78, Best: 0.9992105582769928
[  2.00000 474.04154   0.21573   3.45112   1.64857]
Gen: 79, Best: 0.9992105582769928
[  2.00000 474.04154   0.21573   3.45112   1.64857]
Gen: 80, Best: 0.9992105582769928
[  2.00000 474.04154   0.21573   3.45112   1.64857]
Gen: 81, Best: 0.9992105582769928
[  2.00000 474.04154   0.21573   3.45112   1.64857]
Gen: 82, Best: 0.9992105582769928
[  2.00000 474.04154   0.21573   3.45112   1.64857]
Gen: 83, Best: 0.9992105582769928
[  2.00000 474.04154   0.21573   3.45112   1.64857]
Gen: 84, Best: 0.9992105582769928
[  2.00000 474.04154   0.21573   3.45112   1.64857]
Gen: 85, Best: 0.9992105582769928
[  2.00000 474.04154   0.21573   3.45112   1.64857]
Gen: 86, Best: 0.9992105582769928
[  2.00000 474.04154   0.21573   3.45112   1.64857]
Gen: 87, Best: 0.9992105582769928
[  2.00000 474.04154   0.21573   3.45112   1.64857]
Gen: 88, Best: 0.9992105582769928
[  2.00000 474.04154   0.21573   3.45112   1.64857]
Gen: 89, Best: 0.9992105582769928
[  2.00000 474.04154   0.21573   3.45112   1.64857]
Gen: 90, Best: 0.9992105582769928
[  2.00000 474.04154   0.21573   3.45112   1.64857]
Gen: 91, Best: 0.9992105582769928
[  2.00000 474.04154   0.21573   3.45112   1.64857]
Gen: 92, Best: 0.9992105582769928
[  2.00000 474.04154   0.21573   3.45112   1.64857]
Gen: 93, Best: 0.9992105582769928
[  2.00000 474.04154   0.21573   3.45112   1.64857]
Gen: 94, Best: 0.9992915266588396
[  2.00000 228.15949   0.66043   1.38551   2.83490]
Gen: 95, Best: 0.9992915266588396
[  2.00000 228.15949   0.66043   1.38551   2.83490]
Gen: 96, Best: 0.9992915266588396
[  2.00000 228.15949   0.66043   1.38551   2.83490]
Gen: 97, Best: 0.9992915266588396
[  2.00000 228.15949   0.66043   1.38551   2.83490]
Gen: 98, Best: 0.9992915266588396
[  2.00000 228.15949   0.66043   1.38551   2.83490]
Gen: 99, Best: 0.9992915266588396
[  2.00000 228.15949   0.66043   1.38551   2.83490]
Gen: 100, Best: 0.9992915266588396
[  2.00000 228.15949   0.66043   1.38551   2.83490]
Gen: 101, Best: 0.9992915266588396
[  2.00000 228.15949   0.66043   1.38551   2.83490]
Gen: 102, Best: 0.9992915266588396
[  2.00000 228.15949   0.66043   1.38551   2.83490]
Gen: 103, Best: 0.9992915266588396
[  2.00000 228.15949   0.66043   1.38551   2.83490]
Gen: 104, Best: 0.9992915266588396
[  2.00000 228.15949   0.66043   1.38551   2.83490]
Gen: 105, Best: 0.9992915266588396
[  2.00000 228.15949   0.66043   1.38551   2.83490]
Gen: 106, Best: 0.9992915266588396
[  2.00000 228.15949   0.66043   1.38551   2.83490]
Gen: 107, Best: 0.9992915266588396
[  2.00000 228.15949   0.66043   1.38551   2.83490]
Gen: 108, Best: 0.9992915266588396
[  2.00000 228.15949   0.66043   1.38551   2.83490]
Gen: 109, Best: 0.9992915266588396
[  2.00000 228.15949   0.66043   1.38551   2.83490]
Gen: 110, Best: 0.9992915266588396
[  2.00000 228.15949   0.66043   1.38551   2.83490]
Gen: 111, Best: 0.9992915266588396
[  2.00000 228.15949   0.66043   1.38551   2.83490]
Gen: 112, Best: 0.9992915266588396
[  2.00000 228.15949   0.66043   1.38551   2.83490]
Gen: 113, Best: 0.9992915266588396
[  2.00000 228.15949   0.66043   1.38551   2.83490]
Gen: 114, Best: 0.9992915266588396
[  2.00000 228.15949   0.66043   1.38551   2.83490]
Gen: 115, Best: 0.9992915266588396
[  2.00000 228.15949   0.66043   1.38551   2.83490]
Gen: 116, Best: 0.9992915266588396
[  2.00000 228.15949   0.66043   1.38551   2.83490]
Gen: 117, Best: 0.9992915266588396
[  2.00000 228.15949   0.66043   1.38551   2.83490]
Gen: 118, Best: 0.9992915266588396
[  2.00000 228.15949   0.66043   1.38551   2.83490]
Gen: 119, Best: 0.9992915266588396
[  2.00000 228.15949   0.66043   1.38551   2.83490]
Gen: 120, Best: 0.9992915266588396
[  2.00000 228.15949   0.66043   1.38551   2.83490]
Gen: 121, Best: 0.9992915266588396
[  2.00000 228.15949   0.66043   1.38551   2.83490]
Gen: 122, Best: 0.9992915266588396
[  2.00000 228.15949   0.66043   1.38551   2.83490]
Gen: 123, Best: 0.9992915266588396
[  2.00000 228.15949   0.66043   1.38551   2.83490]
Gen: 124, Best: 0.9992915266588396
[  2.00000 228.15949   0.66043   1.38551   2.83490]
Gen: 125, Best: 0.9992915266588396
[  2.00000 228.15949   0.66043   1.38551   2.83490]
Gen: 126, Best: 0.9992915266588396
[  2.00000 228.15949   0.66043   1.38551   2.83490]
Gen: 127, Best: 0.9992915266588396
[  2.00000 228.15949   0.66043   1.38551   2.83490]
Gen: 128, Best: 0.9992915266588396
[  2.00000 228.15949   0.66043   1.38551   2.83490]
Gen: 129, Best: 0.9992915266588396
[  2.00000 228.15949   0.66043   1.38551   2.83490]
Gen: 130, Best: 0.9992915266588396
[  2.00000 228.15949   0.66043   1.38551   2.83490]
Gen: 131, Best: 0.9992915266588396
[  2.00000 228.15949   0.66043   1.38551   2.83490]
Gen: 132, Best: 0.9992915266588396
[  2.00000 228.15949   0.66043   1.38551   2.83490]
Gen: 133, Best: 0.9992915266588396
[  2.00000 228.15949   0.66043   1.38551   2.83490]
Gen: 134, Best: 0.9992915266588396
[  2.00000 228.15949   0.66043   1.38551   2.83490]
Gen: 135, Best: 0.9992915266588396
[  2.00000 228.15949   0.66043   1.38551   2.83490]
Gen: 136, Best: 0.9992915266588396
[  2.00000 228.15949   0.66043   1.38551   2.83490]
Gen: 137, Best: 0.9992915266588396
[  2.00000 228.15949   0.66043   1.38551   2.83490]
Gen: 138, Best: 0.9992915266588396
[  2.00000 228.15949   0.66043   1.38551   2.83490]
Gen: 139, Best: 0.9992915266588396
[  2.00000 228.15949   0.66043   1.38551   2.83490]
Gen: 140, Best: 0.9992915266588396
[  2.00000 228.15949   0.66043   1.38551   2.83490]
Gen: 141, Best: 0.9992915266588396
[  2.00000 228.15949   0.66043   1.38551   2.83490]
Gen: 142, Best: 0.9992915266588396
[  2.00000 228.15949   0.66043   1.38551   2.83490]
Gen: 143, Best: 0.9992915266588396
[  2.00000 228.15949   0.66043   1.38551   2.83490]
Gen: 144, Best: 0.9992915266588396
[  2.00000 228.15949   0.66043   1.38551   2.83490]
Gen: 145, Best: 0.9992915266588396
[  2.00000 228.15949   0.66043   1.38551   2.83490]
Gen: 146, Best: 0.9992915266588396
[  2.00000 228.15949   0.66043   1.38551   2.83490]
Gen: 147, Best: 0.9992915266588396
[  2.00000 228.15949   0.66043   1.38551   2.83490]
Gen: 148, Best: 0.9992915266588396
[  2.00000 228.15949   0.66043   1.38551   2.83490]
Gen: 149, Best: 0.9992915266588396
[  2.00000 228.15949   0.66043   1.38551   2.83490]
Gen: 150, Best: 0.9992915266588396
[  2.00000 228.15949   0.66043   1.38551   2.83490]
Gen: 151, Best: 0.9992915266588396
[  2.00000 228.15949   0.66043   1.38551   2.83490]
Gen: 152, Best: 0.9992915266588396
[  2.00000 228.15949   0.66043   1.38551   2.83490]
Gen: 153, Best: 0.9993117687543016
[  2.00000 457.05683   0.49539   3.45112   1.64857]
Gen: 154, Best: 0.9993117687543016
[  2.00000 457.05683   0.49539   3.45112   1.64857]
Gen: 155, Best: 0.9993117687543016
[  2.00000 457.05683   0.49539   3.45112   1.64857]
Gen: 156, Best: 0.9993117687543016
[  2.00000 457.05683   0.49539   3.45112   1.64857]
Gen: 157, Best: 0.9993117687543016
[  2.00000 457.05683   0.49539   3.45112   1.64857]
Gen: 158, Best: 0.9993117687543016
[  2.00000 457.05683   0.49539   3.45112   1.64857]
Gen: 159, Best: 0.9993117687543016
[  2.00000 457.05683   0.49539   3.45112   1.64857]
Gen: 160, Best: 0.9993117687543016
[  2.00000 457.05683   0.49539   3.45112   1.64857]
Gen: 161, Best: 0.9993117687543016
[  2.00000 457.05683   0.49539   3.45112   1.64857]
Gen: 162, Best: 0.9993117687543016
[  2.00000 457.05683   0.49539   3.45112   1.64857]
Gen: 163, Best: 0.9993117687543016
[  2.00000 457.05683   0.49539   3.45112   1.64857]
Gen: 164, Best: 0.9993117687543016
[  2.00000 457.05683   0.49539   3.45112   1.64857]
Gen: 165, Best: 0.9993117687543016
[  2.00000 457.05683   0.49539   3.45112   1.64857]
Gen: 166, Best: 0.9993117687543016
[  2.00000 457.05683   0.49539   3.45112   1.64857]
Gen: 167, Best: 0.9993117687543016
[  2.00000 457.05683   0.49539   3.45112   1.64857]
Gen: 168, Best: 0.9993117687543016
[  2.00000 457.05683   0.49539   3.45112   1.64857]
Gen: 169, Best: 0.9993117687543016
[  2.00000 457.05683   0.49539   3.45112   1.64857]
Gen: 170, Best: 0.9993117687543016
[  2.00000 457.05683   0.49539   3.45112   1.64857]
Gen: 171, Best: 0.9993117687543016
[  2.00000 457.05683   0.49539   3.45112   1.64857]
Gen: 172, Best: 0.9993117687543016
[  2.00000 457.05683   0.49539   3.45112   1.64857]
Gen: 173, Best: 0.9993117687543016
[  2.00000 457.05683   0.49539   3.45112   1.64857]
Gen: 174, Best: 0.9993117687543016
[  2.00000 457.05683   0.49539   3.45112   1.64857]
Gen: 175, Best: 0.9993117687543016
[  2.00000 457.05683   0.49539   3.45112   1.64857]
Gen: 176, Best: 0.9993117687543016
[  2.00000 457.05683   0.49539   3.45112   1.64857]
Gen: 177, Best: 0.9993117687543016
[  2.00000 457.05683   0.49539   3.45112   1.64857]
Gen: 178, Best: 0.9993117687543016
[  2.00000 457.05683   0.49539   3.45112   1.64857]
Gen: 179, Best: 0.9993117687543016
[  2.00000 457.05683   0.49539   3.45112   1.64857]
Gen: 180, Best: 0.9993117687543016
[  2.00000 457.05683   0.49539   3.45112   1.64857]
Gen: 181, Best: 0.9993117687543016
[  2.00000 457.05683   0.49539   3.45112   1.64857]
Gen: 182, Best: 0.9993117687543016
[  2.00000 457.05683   0.49539   3.45112   1.64857]
Gen: 183, Best: 0.9993117687543016
[  2.00000 457.05683   0.49539   3.45112   1.64857]
Gen: 184, Best: 0.9993117687543016
[  2.00000 457.05683   0.49539   3.45112   1.64857]
Gen: 185, Best: 0.9993117687543016
[  2.00000 457.05683   0.49539   3.45112   1.64857]
Gen: 186, Best: 0.9993117687543016
[  2.00000 457.05683   0.49539   3.45112   1.64857]
Gen: 187, Best: 0.9993117687543016
[  2.00000 457.05683   0.49539   3.45112   1.64857]
Gen: 188, Best: 0.9993117687543016
[  2.00000 457.05683   0.49539   3.45112   1.64857]
Gen: 189, Best: 0.9993320108497632
[  2.00000 457.05683   0.49242   3.45112   1.64857]
Gen: 190, Best: 0.9993320108497632
[  2.00000 457.05683   0.49242   3.45112   1.64857]
Gen: 191, Best: 0.9993320108497632
[  2.00000 457.05683   0.49242   3.45112   1.64857]
Gen: 192, Best: 0.9993320108497632
[  2.00000 457.05683   0.49242   3.45112   1.64857]
Gen: 193, Best: 0.9993320108497632
[  2.00000 457.05683   0.49242   3.45112   1.64857]
Gen: 194, Best: 0.9993320108497632
[  2.00000 457.05683   0.49242   3.45112   1.64857]
Gen: 195, Best: 0.9993320108497632
[  2.00000 457.05683   0.49242   3.45112   1.64857]
Gen: 196, Best: 0.9993320108497632
[  2.00000 457.05683   0.49242   3.45112   1.64857]
Gen: 197, Best: 0.9993320108497632
[  2.00000 457.05683   0.49242   3.45112   1.64857]
Gen: 198, Best: 0.9993320108497632
[  2.00000 457.05683   0.49242   3.45112   1.64857]
Gen: 199, Best: 0.9993320108497632
[  2.00000 457.05683   0.49242   3.45112   1.64857]
Gen: 200, Best: 0.9993320108497632
[  2.00000 457.05683   0.49242   3.45112   1.64857]
Gen: 201, Best: 0.9993320108497632
[  2.00000 457.05683   0.49242   3.45112   1.64857]
Gen: 202, Best: 0.9993320108497632
[  2.00000 457.05683   0.49242   3.45112   1.64857]
Gen: 203, Best: 0.9993320108497632
[  2.00000 457.05683   0.49242   3.45112   1.64857]
Gen: 204, Best: 0.9993320108497632
[  2.00000 457.05683   0.49242   3.45112   1.64857]
Gen: 205, Best: 0.9993320108497632
[  2.00000 457.05683   0.49242   3.45112   1.64857]
Gen: 206, Best: 0.9993320108497632
[  2.00000 457.05683   0.49242   3.45112   1.64857]
Gen: 207, Best: 0.9993320108497632
[  2.00000 457.05683   0.49242   3.45112   1.64857]
Gen: 208, Best: 0.9993320108497632
[  2.00000 457.05683   0.49242   3.45112   1.64857]
Gen: 209, Best: 0.9993320108497632
[  2.00000 457.05683   0.49242   3.45112   1.64857]
Gen: 210, Best: 0.9993320108497632
[  2.00000 457.05683   0.49242   3.45112   1.64857]
Gen: 211, Best: 0.9993320108497632
[  2.00000 457.05683   0.49242   3.45112   1.64857]
Gen: 212, Best: 0.9993320108497632
[  2.00000 457.05683   0.49242   3.45112   1.64857]
Gen: 213, Best: 0.9993320108497632
[  2.00000 457.05683   0.49242   3.45112   1.64857]
Gen: 214, Best: 0.9993320108497632
[  2.00000 457.05683   0.49242   3.45112   1.64857]
Gen: 215, Best: 0.9993320108497632
[  2.00000 457.05683   0.49242   3.45112   1.64857]
Gen: 216, Best: 0.9993320108497632
[  2.00000 457.05683   0.49242   3.45112   1.64857]
Gen: 217, Best: 0.9993320108497632
[  2.00000 457.05683   0.49242   3.45112   1.64857]
Gen: 218, Best: 0.9993320108497632
[  2.00000 457.05683   0.49242   3.45112   1.64857]
Gen: 219, Best: 0.9993320108497632
[  2.00000 457.05683   0.49242   3.45112   1.64857]
Gen: 220, Best: 0.9993320108497632
[  2.00000 457.05683   0.49242   3.45112   1.64857]
Gen: 221, Best: 0.9993320108497632
[  2.00000 457.05683   0.49242   3.45112   1.64857]
Gen: 222, Best: 0.9993320108497632
[  2.00000 457.05683   0.49242   3.45112   1.64857]
Gen: 223, Best: 0.9993320108497632
[  2.00000 457.05683   0.49242   3.45112   1.64857]
Gen: 224, Best: 0.9993320108497632
[  2.00000 457.05683   0.49242   3.45112   1.64857]
Gen: 225, Best: 0.9993320108497632
[  2.00000 457.05683   0.49242   3.45112   1.64857]
Gen: 226, Best: 0.9993320108497632
[  2.00000 457.05683   0.49242   3.45112   1.64857]
Gen: 227, Best: 0.9993320108497632
[  2.00000 457.05683   0.49242   3.45112   1.64857]
Gen: 228, Best: 0.9993320108497632
[  2.00000 457.05683   0.49242   3.45112   1.64857]
Gen: 229, Best: 0.9993320108497632
[  2.00000 457.05683   0.49242   3.45112   1.64857]
Gen: 230, Best: 0.9993320108497632
[  2.00000 457.05683   0.49242   3.45112   1.64857]
Gen: 231, Best: 0.9993320108497632
[  2.00000 457.05683   0.49242   3.45112   1.64857]
Gen: 232, Best: 0.9993320108497632
[  2.00000 457.05683   0.49242   3.45112   1.64857]
Gen: 233, Best: 0.9993320108497632
[  2.00000 457.05683   0.49242   3.45112   1.64857]
Gen: 234, Best: 0.9993320108497632
[  2.00000 457.05683   0.49242   3.45112   1.64857]
Gen: 235, Best: 0.9993320108497632
[  2.00000 457.05683   0.49242   3.45112   1.64857]
Gen: 236, Best: 0.9993320108497632
[  2.00000 457.05683   0.49242   3.45112   1.64857]
Gen: 237, Best: 0.9993320108497632
[  2.00000 457.05683   0.49242   3.45112   1.64857]
Gen: 238, Best: 0.9993320108497632
[  2.00000 457.05683   0.49242   3.45112   1.64857]
Gen: 239, Best: 0.9993320108497632
[  2.00000 457.05683   0.49242   3.45112   1.64857]
Gen: 240, Best: 0.9993320108497632
[  2.00000 457.05683   0.49242   3.45112   1.64857]
Gen: 241, Best: 0.9993320108497632
[  2.00000 457.05683   0.49242   3.45112   1.64857]
Gen: 242, Best: 0.9993320108497632
[  2.00000 457.05683   0.49242   3.45112   1.64857]
Gen: 243, Best: 0.9993320108497632
[  2.00000 457.05683   0.49242   3.45112   1.64857]
Gen: 244, Best: 0.9993320108497632
[  2.00000 457.05683   0.49242   3.45112   1.64857]
Gen: 245, Best: 0.9993320108497632
[  2.00000 457.05683   0.49242   3.45112   1.64857]
Gen: 246, Best: 0.9993320108497632
[  2.00000 457.05683   0.49242   3.45112   1.64857]
Gen: 247, Best: 0.9993320108497632
[  2.00000 457.05683   0.49242   3.45112   1.64857]
Gen: 248, Best: 0.9993320108497632
[  2.00000 457.05683   0.49242   3.45112   1.64857]
Gen: 249, Best: 0.9993320108497632
[  2.00000 457.05683   0.49242   3.45112   1.64857]
Gen: 250, Best: 0.9993320108497632
[  2.00000 457.05683   0.49242   3.45112   1.64857]
Gen: 251, Best: 0.9993320108497632
[  2.00000 457.05683   0.49242   3.45112   1.64857]
Gen: 252, Best: 0.9993320108497632
[  2.00000 457.05683   0.49242   3.45112   1.64857]
Gen: 253, Best: 0.9993320108497632
[  2.00000 457.05683   0.49242   3.45112   1.64857]
Gen: 254, Best: 0.9993320108497632
[  2.00000 457.05683   0.49242   3.45112   1.64857]
Gen: 255, Best: 0.9993320108497632
[  2.00000 457.05683   0.49242   3.45112   1.64857]
Gen: 256, Best: 0.9993320108497632
[  2.00000 457.05683   0.49242   3.45112   1.64857]
Gen: 257, Best: 0.9993320108497632
[  2.00000 457.05683   0.49242   3.45112   1.64857]
Gen: 258, Best: 0.9993320108497632
[  2.00000 457.05683   0.49242   3.45112   1.64857]
Gen: 259, Best: 0.9993320108497632
[  2.00000 457.05683   0.49242   3.45112   1.64857]
Gen: 260, Best: 0.9993320108497632
[  2.00000 457.05683   0.49242   3.45112   1.64857]
Gen: 261, Best: 0.9993320108497632
[  2.00000 457.05683   0.49242   3.45112   1.64857]
Gen: 262, Best: 0.9993320108497632
[  2.00000 457.05683   0.49242   3.45112   1.64857]
Gen: 263, Best: 0.9993320108497632
[  2.00000 457.05683   0.49242   3.45112   1.64857]
Gen: 264, Best: 0.9993320108497632
[  2.00000 457.05683   0.49242   3.45112   1.64857]
Gen: 265, Best: 0.9993320108497632
[  2.00000 457.05683   0.49242   3.45112   1.64857]
Gen: 266, Best: 0.9993320108497632
[  2.00000 457.05683   0.49242   3.45112   1.64857]
Gen: 267, Best: 0.9993320108497632
[  2.00000 457.05683   0.49242   3.45112   1.64857]
Gen: 268, Best: 0.9993320108497632
[    3.00000 34542.94317    31.50758    -3.45112     2.35143]
Gen: 269, Best: 0.9993320108497632
[    3.00000 34542.94317    31.50758    -3.45112     2.35143]
Gen: 270, Best: 0.9993320108497632
[    3.00000 34542.94317    31.50758    -3.45112     2.35143]
Gen: 271, Best: 0.9993320108497632
[    3.00000 34542.94317    31.50758    -3.45112     2.35143]
Gen: 272, Best: 0.9993320108497632
[    3.00000 34542.94317    31.50758    -3.45112     2.35143]
Gen: 273, Best: 0.9993320108497632
[    3.00000 34542.94317    31.50758    -3.45112     2.35143]
Gen: 274, Best: 0.9993320108497632
[    3.00000 34542.94317    31.50758    -3.45112     2.35143]
Gen: 275, Best: 0.9993320108497632
[    3.00000 34542.94317    31.50758    -3.45112     2.35143]
Gen: 276, Best: 0.9993320108497632
[    3.00000 34542.94317    31.50758    -3.45112     2.35143]
Gen: 277, Best: 0.9993320108497632
[    3.00000 34542.94317     3.87445    -3.45112     2.35143]
Gen: 278, Best: 0.9993320108497632
[    3.00000 34542.94317     3.87445    -3.45112     2.35143]
Gen: 279, Best: 0.9993320108497632
[    3.00000 34542.94317     3.87445    -3.45112     2.35143]
Gen: 280, Best: 0.9993320108497632
[    2.00000 34542.94317     3.87445    -3.45112     2.35143]
Gen: 281, Best: 0.9993320108497632
[    2.00000 34542.94317     3.87445    -3.45112     2.35143]
Gen: 282, Best: 0.9993320108497632
[    2.00000 34542.94317     3.87445    -3.45112     2.35143]
Gen: 283, Best: 0.9993320108497632
[    2.00000 34542.94317     3.87445    -3.45112     2.35143]
Gen: 284, Best: 0.9993320108497632
[    2.00000 34542.94317     3.87445    -3.45112     2.35143]
Gen: 285, Best: 0.9993320108497632
[    2.00000 34542.94317     1.34172    -3.45112     2.35143]
Gen: 286, Best: 0.9993320108497632
[    2.00000 34542.94317     0.60547    -3.45112     2.35143]
Gen: 287, Best: 0.9993320108497632
[    2.00000 34542.94317     0.60547    -3.45112     2.35143]
Gen: 288, Best: 0.9993320108497632
[    2.00000 34542.94317     0.60547    -3.45112     2.35143]
Gen: 289, Best: 0.9993320108497632
[    2.00000 34542.94317     0.67766    -3.45112     2.35143]
Gen: 290, Best: 0.9993320108497632
[    2.00000 34542.94317     0.67766    -3.45112     2.35143]
Gen: 291, Best: 0.9993320108497632
[    2.00000 34542.94317     0.67766    -3.45112     2.35143]
Gen: 292, Best: 0.9993320108497632
[    2.00000 34542.94317     0.67766    -3.45112     2.35143]
Gen: 293, Best: 0.9993320108497632
[    2.00000 34542.94317     0.67766    -3.45112     2.35143]
Gen: 294, Best: 0.9993320108497632
[    2.00000 34542.94317     0.67766    -3.45112     2.35143]
Gen: 295, Best: 0.9993320108497632
[    2.00000 34542.94317     0.67766    -3.45112     2.35143]
Gen: 296, Best: 0.9993320108497632
[    2.00000 34542.94317     0.67766    -3.45112     2.35143]
Gen: 297, Best: 0.9993320108497632
[    2.00000 34542.94317     0.67766    -3.45112     2.35143]
Gen: 298, Best: 0.9993320108497632
[    2.00000 34542.94317     0.67766    -3.45112     2.35143]
Gen: 299, Best: 0.9993320108497632
[    2.00000 34542.94317     0.67766    -3.45112     2.35143]
Gen: 300, Best: 0.9993320108497632
[    2.00000 34542.94317     0.67766    -3.45112     2.35143]
Gen: 301, Best: 0.9993320108497632
[    2.00000 34542.94317     0.67766    -3.45112     2.35143]
Gen: 302, Best: 0.9993320108497632
[    2.00000 34542.94317     0.67766    -3.45112     2.35143]
Gen: 303, Best: 0.9993320108497632
[    2.00000 34542.94317     0.67766    -3.45112     2.35143]
Gen: 304, Best: 0.9993320108497632
[    2.00000 34542.94317     0.67766    -3.45112     2.35143]
Gen: 305, Best: 0.9993320108497632
[    2.00000 34542.94317     0.67766    -3.45112     2.35143]
Gen: 306, Best: 0.9993320108497632
[    2.00000 34542.94317     0.67766    -3.45112     2.35143]
Gen: 307, Best: 0.9993320108497632
[    2.00000 34542.94317     0.67766    -3.45112     2.35143]
Gen: 308, Best: 0.9993320108497632
[    2.00000 34542.94317     0.67766    -3.45112     2.35143]
Gen: 309, Best: 0.9993320108497632
[    2.00000 34542.94317     0.67766    -3.45112     2.35143]
Gen: 310, Best: 0.9993320108497632
[    2.00000 34542.94317     0.67766    -3.45112     2.35143]
Gen: 311, Best: 0.9993320108497632
[    2.00000 34542.94317     0.67766    -3.45112     2.35143]
Gen: 312, Best: 0.9993320108497632
[    2.00000 34542.94317     0.67766    -3.45112     2.35143]
Gen: 313, Best: 0.9993320108497632
[    2.00000 34542.94317     0.67766    -3.45112     2.35143]
Gen: 314, Best: 0.9993320108497632
[    2.00000 34542.94317     0.67766    -3.45112     2.35143]
Gen: 315, Best: 0.9993320108497632
[    2.00000 34542.94317     0.67766    -3.45112     2.35143]
Gen: 316, Best: 0.9993320108497632
[    2.00000 34542.94317     0.67766    -3.45112     2.35143]
Gen: 317, Best: 0.9993320108497632
[    2.00000 34542.94317     0.67766    -3.45112     2.35143]
Gen: 318, Best: 0.9993320108497632
[    2.00000 34542.94317     0.67766    -3.45112     2.35143]
Gen: 319, Best: 0.9993320108497632
[    2.00000 34542.94317     0.67766    -3.45112     2.35143]
Gen: 320, Best: 0.9993320108497632
[    2.00000 34542.94317     0.67766    -3.45112     2.35143]
Gen: 321, Best: 0.9993320108497632
[   2.00000 9759.56706    0.67766   -3.45112    2.35143]
Gen: 322, Best: 0.9993320108497632
[   2.00000 9759.56706    0.53734   -3.45112    2.35143]
Gen: 323, Best: 0.9993320108497632
[   2.00000 9759.56706    0.53734   -3.45112    2.35143]
Gen: 324, Best: 0.9993320108497632
[   2.00000 4797.83351    0.53734   -3.45112    2.35143]
Gen: 325, Best: 0.9993320108497632
[   2.00000 4797.83351    0.53734   -3.45112    2.35143]
Gen: 326, Best: 0.9993320108497632
[   2.00000 4797.83351    0.53734   -3.45112    2.35143]
Gen: 327, Best: 0.9993320108497632
[   2.00000 4797.83351    0.61508   -3.45112    2.35143]
Gen: 328, Best: 0.9993320108497632
[   2.00000 4797.83351    0.61508   -3.45112    2.35143]
Gen: 329, Best: 0.9993320108497632
[   2.00000 4797.83351    0.61508   -3.45112    2.35143]
Gen: 330, Best: 0.9993320108497632
[   2.00000 4797.83351    0.61508   -3.45112    2.35143]
Gen: 331, Best: 0.9993320108497632
[   2.00000 4797.83351    0.61508   -3.45112    2.35143]
Gen: 332, Best: 0.9993320108497632
[   2.00000 2805.63949    0.61508   -3.45112    2.35143]
Gen: 333, Best: 0.9993320108497632
[   2.00000 2805.63949    0.61508   -3.45112    2.35143]
Gen: 334, Best: 0.9993320108497632
[   2.00000 2805.63949    0.61508   -3.45112    2.35143]
Gen: 335, Best: 0.9993320108497632
[   2.00000 2805.63949    0.53842   -3.45112    2.35143]
Gen: 336, Best: 0.9993320108497632
[   2.00000 2805.63949    0.53842   -3.45112    2.35143]
Gen: 337, Best: 0.9993320108497632
[   2.00000 2805.63949    0.53842   -3.45112    2.35143]
Gen: 338, Best: 0.9993320108497632
[   2.00000 2805.63949    0.53842   -3.45112    2.35143]
Gen: 339, Best: 0.9993320108497632
[   2.00000 2805.63949    0.53842   -3.45112    2.35143]
Gen: 340, Best: 0.9993320108497632
[   2.00000 2805.63949    0.53842   -3.45112    2.35143]
Gen: 341, Best: 0.9993320108497632
[   2.00000 2805.63949    0.53842   -3.45112    2.35143]
Gen: 342, Best: 0.9993320108497632
[   2.00000 2805.63949    0.53842   -3.45112    2.35143]
Gen: 343, Best: 0.9993320108497632
[   2.00000 2805.63949    0.53842   -3.45112    2.35143]
Gen: 344, Best: 0.9993320108497632
[   2.00000 2805.63949    0.53842   -3.45112    2.35143]
Gen: 345, Best: 0.9993320108497632
[   2.00000 2805.63949    0.53842   -3.45112    2.35143]
Gen: 346, Best: 0.9993320108497632
[   2.00000 2805.63949    0.53842   -3.45112    2.35143]
Gen: 347, Best: 0.9993320108497632
[   2.00000 2805.63949    0.53842   -3.45112    2.35143]
Gen: 348, Best: 0.9993320108497632
[   2.00000 2805.63949    0.53842   -3.45112    2.35143]
Gen: 349, Best: 0.9993320108497632
[   2.00000 2805.63949    0.53842   -3.45112    2.35143]
Gen: 350, Best: 0.9993320108497632
[   2.00000 2805.63949    0.53842   -3.45112    2.35143]
Gen: 351, Best: 0.9993320108497632
[   2.00000 2805.63949    0.53842   -3.45112    2.35143]
Gen: 352, Best: 0.9993320108497632
[   2.00000 2805.63949    0.53842   -3.45112    2.35143]
Gen: 353, Best: 0.9993320108497632
[   2.00000 1014.10234    0.53842   -3.45112    2.35143]
Gen: 354, Best: 0.9993320108497632
[   2.00000 1014.10234    0.53842   -3.45112    2.35143]
Gen: 355, Best: 0.9993320108497632
[   2.00000 1014.10234    0.53842   -3.45112    2.35143]
Gen: 356, Best: 0.9993320108497632
[   2.00000 1014.10234    0.53842   -3.45112    2.35143]
Gen: 357, Best: 0.9993320108497632
[   2.00000 1014.10234    0.53842   -3.45112    2.35143]
Gen: 358, Best: 0.9993320108497632
[   2.00000 1014.10234    0.53842   -3.45112    2.35143]
Gen: 359, Best: 0.9993320108497632
[   2.00000 1014.10234    0.53842   -3.45112    2.35143]
Gen: 360, Best: 0.9993320108497632
[   2.00000 1014.10234    0.53842   -3.45112    2.35143]
Gen: 361, Best: 0.9993320108497632
[   2.00000 1014.10234    0.53842   -3.45112    2.35143]
Gen: 362, Best: 0.9993320108497632
[   2.00000 1014.10234    0.60324   -3.45112    2.35143]
Gen: 363, Best: 0.9993320108497632
[   2.00000 1014.10234    0.60324   -3.45112    2.35143]
Gen: 364, Best: 0.9993320108497632
[   2.00000 1014.10234    0.60324   -3.45112    2.35143]
Gen: 365, Best: 0.9993320108497632
[   2.00000 1014.10234    0.60324   -3.45112    2.35143]
Gen: 366, Best: 0.9993320108497632
[   2.00000 1014.10234    0.60324   -3.45112    2.35143]
Gen: 367, Best: 0.9993320108497632
[   2.00000 1014.10234    0.60324   -3.45112    2.35143]
Gen: 368, Best: 0.9993320108497632
[   2.00000 1014.10234    0.60324   -3.45112    2.35143]
Gen: 369, Best: 0.9993320108497632
[   2.00000 1014.10234    0.60324   -3.45112    2.35143]
Gen: 370, Best: 0.9993320108497632
[   2.00000 1014.10234    0.60324   -3.45112    2.35143]
Gen: 371, Best: 0.9993320108497632
[   2.00000 1014.10234    0.60324   -3.45112    2.35143]
Gen: 372, Best: 0.9993320108497632
[   2.00000 1014.10234    0.60324   -3.45112    2.35143]
Gen: 373, Best: 0.9993320108497632
[   2.00000 1014.10234    0.60324   -3.45112    2.35143]
Gen: 374, Best: 0.9993320108497632
[   2.00000 1014.10234    0.60324   -3.45112    2.35143]
Gen: 375, Best: 0.9993320108497632
[   2.00000 1014.10234    0.60324   -3.45112    2.35143]
Gen: 376, Best: 0.9993320108497632
[   2.00000 1014.10234    0.60324   -3.45112    2.35143]
Gen: 377, Best: 0.9993320108497632
[   2.00000 1014.10234    0.60324   -3.45112    2.35143]
Gen: 378, Best: 0.9993320108497632
[   2.00000 1014.10234    0.60324   -3.45112    2.35143]
Gen: 379, Best: 0.9993320108497632
[   2.00000 1014.10234    0.60324   -3.45112    2.35143]
Gen: 380, Best: 0.9993320108497632
[   2.00000 1014.10234    0.60324   -3.45112    2.35143]
Gen: 381, Best: 0.9993320108497632
[   2.00000 1014.10234    0.60324   -3.45112    2.35143]
Gen: 382, Best: 0.9993320108497632
[   2.00000 1014.10234    0.60324   -3.45112    2.35143]
Gen: 383, Best: 0.9993320108497632
[   2.00000 1014.10234    0.60324   -3.45112    2.35143]
Gen: 384, Best: 0.9993320108497632
[   2.00000 1014.10234    0.60324   -3.45112    2.35143]
Gen: 385, Best: 0.9993320108497632
[   2.00000 1014.10234    0.60324   -3.45112    2.35143]
Gen: 386, Best: 0.9993320108497632
[   2.00000 1014.10234    0.60324   -3.45112    2.35143]
Gen: 387, Best: 0.9993320108497632
[   2.00000 1014.10234    0.60324   -3.45112    2.35143]
Gen: 388, Best: 0.9993320108497632
[   2.00000 1014.10234    0.60324   -3.45112    2.35143]
Gen: 389, Best: 0.9993320108497632
[   2.00000 1014.10234    0.60324   -3.45112    2.35143]
Gen: 390, Best: 0.9993320108497632
[   2.00000 1014.10234    0.60324   -3.45112    2.35143]
Gen: 391, Best: 0.9993320108497632
[   2.00000 1014.10234    0.60324   -3.45112    2.35143]
Gen: 392, Best: 0.9993320108497632
[   2.00000 1014.10234    0.60324   -3.45112    2.35143]
Gen: 393, Best: 0.9993320108497632
[   2.00000 1014.10234    0.60324   -3.45112    2.35143]
Gen: 394, Best: 0.9993320108497632
[   2.00000 1014.10234    0.60324   -3.45112    2.35143]
Gen: 395, Best: 0.9993320108497632
[   2.00000 1014.10234    0.60324   -3.45112    2.35143]
Gen: 396, Best: 0.9993320108497632
[   2.00000 1014.10234    0.60324   -3.45112    2.35143]
Gen: 397, Best: 0.9993320108497632
[   2.00000 1014.10234    0.60324   -3.45112    2.35143]
Gen: 398, Best: 0.9993320108497632
[   2.00000 1014.10234    0.60324   -3.45112    2.35143]
Gen: 399, Best: 0.9993320108497632
[   2.00000 1014.10234    0.60324   -3.45112    2.35143]
Gen: 400, Best: 0.9993320108497632
[   2.00000 1014.10234    0.60324   -3.45112    2.35143]
Gen: 401, Best: 0.9993320108497632
[   2.00000 1014.10234    0.60324   -3.45112    2.35143]
Gen: 402, Best: 0.9993320108497632
[   2.00000 1014.10234    0.60324   -3.45112    2.35143]
Gen: 403, Best: 0.9993320108497632
[   2.00000 1014.10234    0.60324   -3.45112    2.35143]
Gen: 404, Best: 0.9993320108497632
[   2.00000 1014.10234    0.60324   -3.45112    2.35143]
Gen: 405, Best: 0.9993320108497632
[   2.00000 1014.10234    0.60324   -3.45112    2.35143]
Gen: 406, Best: 0.9993320108497632
[   2.00000 1014.10234    0.60324   -3.45112    2.35143]
Gen: 407, Best: 0.9993320108497632
[   2.00000 1014.10234    0.60324   -3.45112    2.35143]
Gen: 408, Best: 0.9993320108497632
[   2.00000 1014.10234    0.60324   -3.45112    2.35143]
Gen: 409, Best: 0.9993320108497632
[   2.00000 1014.10234    0.60324   -3.45112    2.35143]
Gen: 410, Best: 0.9993320108497632
[   2.00000 1014.10234    0.60324   -3.45112    2.35143]
Gen: 411, Best: 0.9993320108497632
[   2.00000 1014.10234    0.60324   -3.45112    2.35143]
Gen: 412, Best: 0.9993320108497632
[   2.00000 1014.10234    0.60324   -3.45112    2.35143]
Gen: 413, Best: 0.9993320108497632
[   2.00000 1014.10234    0.60324   -3.45112    2.35143]
Gen: 414, Best: 0.9993320108497632
[   2.00000 1014.10234    0.60324   -3.45112    2.35143]
Gen: 415, Best: 0.9993320108497632
[   2.00000 1014.10234    0.60324   -3.45112    2.35143]
Gen: 416, Best: 0.9993320108497632
[   2.00000 1014.10234    0.60324   -3.45112    2.35143]
Gen: 417, Best: 0.9993320108497632
[   2.00000 1014.10234    0.60324   -3.45112    2.35143]
Gen: 418, Best: 0.9993320108497632
[   2.00000 1014.10234    0.60324   -3.45112    2.35143]
Gen: 419, Best: 0.9993320108497632
[   2.00000 1014.10234    0.60324   -3.45112    2.35143]
Gen: 420, Best: 0.9993320108497632
[   2.00000 1014.10234    0.60324   -3.45112    2.35143]
Gen: 421, Best: 0.9993320108497632
[   2.00000 1014.10234    0.60324   -3.45112    2.35143]
Gen: 422, Best: 0.9993320108497632
[   2.00000 1014.10234    0.60324   -3.45112    2.35143]
Gen: 423, Best: 0.9993320108497632
[   2.00000 1014.10234    0.60324   -3.45112    2.35143]
Gen: 424, Best: 0.9993320108497632
[   2.00000 1014.10234    0.60324   -3.45112    2.35143]
Gen: 425, Best: 0.9993320108497632
[   2.00000 1014.10234    0.60324   -3.45112    2.35143]
Gen: 426, Best: 0.9993320108497632
[   2.00000 1014.10234    0.60324   -3.45112    2.35143]
Gen: 427, Best: 0.9993320108497632
[   2.00000 1014.10234    0.60324   -3.45112    2.35143]
Gen: 428, Best: 0.9993320108497632
[   2.00000 1014.10234    0.60324   -3.45112    2.35143]
Gen: 429, Best: 0.9993320108497632
[   2.00000 1014.10234    0.60324   -3.45112    2.35143]
Gen: 430, Best: 0.9993320108497632
[   2.00000 1014.10234    0.60324   -3.45112    2.35143]
Gen: 431, Best: 0.9993320108497632
[   2.00000 1014.10234    0.60324   -3.45112    2.35143]
Gen: 432, Best: 0.9993320108497632
[   2.00000 1014.10234    0.60324   -3.45112    2.35143]
Gen: 433, Best: 0.9993320108497632
[   2.00000 1014.10234    0.60324   -3.45112    2.35143]
Gen: 434, Best: 0.9993320108497632
[   2.00000 1014.10234    0.60324   -3.45112    2.35143]
Gen: 435, Best: 0.9993320108497632
[   2.00000 1014.10234    0.60324   -3.45112    2.35143]
Gen: 436, Best: 0.9993320108497632
[   2.00000 1014.10234    0.60324   -3.45112    2.35143]
Gen: 437, Best: 0.9993320108497632
[   2.00000 1014.10234    0.60324   -3.45112    2.35143]
Gen: 438, Best: 0.9993320108497632
[   2.00000 1014.10234    0.60324   -3.45112    2.35143]
Gen: 439, Best: 0.9993320108497632
[    3.00000 33985.89767    31.39676     3.45112     1.64857]
Gen: 440, Best: 0.9993320108497632
[    3.00000 33985.89767    31.39676     3.45112     1.64857]
Gen: 441, Best: 0.9993320108497632
[    3.00000 33985.89767    31.39676     3.45112     1.64857]
Gen: 442, Best: 0.9993320108497632
[    4.00000 33985.89767    31.39676     3.45112     1.64857]
Gen: 443, Best: 0.9993320108497632
[    4.00000 33985.89767    31.39676     3.45112     1.64857]
Gen: 444, Best: 0.9993320108497632
[    4.00000 33985.89767    31.39676     3.45112     1.64857]
Gen: 445, Best: 0.9993320108497632
[    4.00000 33985.89767    31.39676     3.45112     1.64857]
Gen: 446, Best: 0.9993320108497632
[    4.00000 33985.89767    31.39676     3.45112     1.64857]
Gen: 447, Best: 0.9993320108497632
[    4.00000 18481.70264    31.39676     3.45112     1.64857]
Gen: 448, Best: 0.9993320108497632
[    4.00000 18481.70264    20.98027     3.45112     1.64857]
Gen: 449, Best: 0.9993320108497632
[    4.00000 18481.70264    20.98027     3.45112     1.64857]
Gen: 450, Best: 0.9993320108497632
[    4.00000 18481.70264    20.98027     3.45112     1.64857]
Gen: 451, Best: 0.9993320108497632
[    4.00000 18481.70264    20.98027     3.45112     1.64857]
Gen: 452, Best: 0.9993320108497632
[    4.00000 18481.70264    20.98027     3.45112     1.64857]
Gen: 453, Best: 0.9993320108497632
[    4.00000 18481.70264    20.98027     4.68322     1.64857]
Gen: 454, Best: 0.9993320108497632
[    4.00000 18481.70264    20.98027     4.68322     1.64857]
Gen: 455, Best: 0.9993320108497632
[    4.00000 18481.70264    20.98027     4.68322     1.64857]
Gen: 456, Best: 0.9993320108497632
[    4.00000 18481.70264    20.98027     4.68322     1.64857]
Gen: 457, Best: 0.9993320108497632
[    4.00000 23189.93652    20.98027     4.68322     1.64857]
Gen: 458, Best: 0.9993320108497632
[    4.00000 23189.93652    20.98027     4.68322     1.64857]
Gen: 459, Best: 0.9993320108497632
[    4.00000 23189.93652    20.98027     4.68322     1.64857]
Gen: 460, Best: 0.9993320108497632
[    4.00000 23189.93652    20.98027     4.68322     1.64857]
Gen: 461, Best: 0.9993320108497632
[    4.00000 23189.93652    20.98027     4.68322     1.64857]
Gen: 462, Best: 0.9993320108497632
[    4.00000 23189.93652     4.15177     4.68322     1.64857]
Gen: 463, Best: 0.9993320108497632
[    4.00000 23189.93652     4.15177     4.68322     1.64857]
Gen: 464, Best: 0.9993320108497632
[    4.00000 23189.93652     4.15177     4.68322     1.64857]
Gen: 465, Best: 0.9993320108497632
[    4.00000 23189.93652     4.15177     4.68322     1.64857]
Gen: 466, Best: 0.9993320108497632
[    4.00000 18206.45394     4.15177     4.68322     1.64857]
Gen: 467, Best: 0.9993320108497632
[    4.00000 18206.45394     4.15177     4.68322     1.64857]
Gen: 468, Best: 0.9993320108497632
[    4.00000 18206.45394     4.15177     4.68322     1.64857]
Gen: 469, Best: 0.9993320108497632
[    4.00000 18206.45394     4.15177     4.68322     1.64857]
Gen: 470, Best: 0.9993320108497632
[    4.00000 18206.45394     4.15177     4.68322     1.64857]
Gen: 471, Best: 0.9993320108497632
[    4.00000 18206.45394     4.15177     4.68322     1.64857]
Gen: 472, Best: 0.9993320108497632
[    4.00000 18206.45394     4.15177     4.68322     1.64857]
Gen: 473, Best: 0.9993320108497632
[    4.00000 18206.45394     4.15177     4.68322     1.64857]
Gen: 474, Best: 0.9993320108497632
[   4.00000 5261.28084    4.15177    4.68322    1.64857]
Gen: 475, Best: 0.9993320108497632
[   4.00000 5261.28084    1.62493    4.68322    1.64857]
Gen: 476, Best: 0.9993320108497632
[   4.00000 5261.28084    1.62493    4.68322    1.64857]
Gen: 477, Best: 0.9993320108497632
[   4.00000 5261.28084    1.62493    4.75624    1.64857]
Gen: 478, Best: 0.9993320108497632
[   4.00000 5261.28084    1.62493    4.75624    1.64857]
Gen: 479, Best: 0.9993320108497632
[   4.00000 5261.28084    1.62493    4.75624    1.64857]
Gen: 480, Best: 0.9993320108497632
[   4.00000 5261.28084    1.62493    4.75624    1.64857]
Gen: 481, Best: 0.9993320108497632
[   4.00000 5261.28084    1.62493    4.75624    1.64857]
Gen: 482, Best: 0.9993320108497632
[   4.00000 5261.28084    1.62493    4.75624    1.64857]
Gen: 483, Best: 0.9993320108497632
[   4.00000 5261.28084    1.62493    4.75624    1.64857]
Gen: 484, Best: 0.9993320108497632
[   4.00000 5261.28084    1.62493    4.75624    1.64857]
Gen: 485, Best: 0.9993320108497632
[   4.00000 5261.28084    1.62493    4.75624    1.64857]
Gen: 486, Best: 0.9993320108497632
[   4.00000 5261.28084    1.62493    4.75624    1.64857]
Gen: 487, Best: 0.9993320108497632
[   4.00000 5261.28084    1.62493    4.75624    1.64857]
Gen: 488, Best: 0.9993320108497632
[   4.00000 5261.28084    1.62493    4.75624    1.64857]
Gen: 489, Best: 0.9993320108497632
[  4.00000 286.93928   1.62493   4.75624   1.64857]
Gen: 490, Best: 0.9993320108497632
[  4.00000 286.93928   1.62493   4.75624   1.64857]
Gen: 491, Best: 0.9993320108497632
[  4.00000 286.93928   1.62493   4.75624   1.64857]
Gen: 492, Best: 0.9993320108497632
[  4.00000 286.93928   1.62493   4.75624   1.64857]
Gen: 493, Best: 0.9993320108497632
[  4.00000 286.93928   1.62493   4.75624   1.64857]
Gen: 494, Best: 0.9993320108497632
[  4.00000 286.93928   1.62493   4.75624   1.64857]
Gen: 495, Best: 0.9993320108497632
[  2.00000 286.93928   1.62493   4.75624   1.64857]
Gen: 496, Best: 0.9993320108497632
[  2.00000 286.93928   1.62493   4.75624   1.64857]
Gen: 497, Best: 0.9993320108497632
[  2.00000 286.93928   1.62493   4.75624   1.64857]
Gen: 498, Best: 0.9993320108497632
[  2.00000 286.93928   1.62493   4.75624   1.64857]
Gen: 499, Best: 0.9993320108497632
[  2.00000 286.93928   1.62493   4.75624   1.64857]
Gen: 500, Best: 0.9993320108497632
[  2.00000 286.93928   1.62493   4.75624   1.64857]
True Positives (TP): 39595
True Negatives (TN): 9749
False Positives (FP): 17
False Negatives (FN): 41
検知率: 0.9990
誤警報率: 0.0017
適合率: 0.9996
F値: 0.9993
誤分類したデータ (正解ラベルでソート):
True: DoS, Predicted: normal
True: DoS, Predicted: normal
True: DoS, Predicted: normal
True: DoS, Predicted: normal
True: DoS, Predicted: normal
True: DoS, Predicted: normal
True: DoS, Predicted: normal
True: DoS, Predicted: normal
True: DoS, Predicted: R2L
True: DoS, Predicted: normal
True: DoS, Predicted: normal
True: DoS, Predicted: normal
True: DoS, Predicted: normal
True: DoS, Predicted: normal
True: DoS, Predicted: normal
True: DoS, Predicted: normal
True: DoS, Predicted: normal
True: Probe, Predicted: normal
True: Probe, Predicted: normal
True: Probe, Predicted: normal
True: Probe, Predicted: normal
True: Probe, Predicted: normal
True: Probe, Predicted: normal
True: Probe, Predicted: normal
True: Probe, Predicted: normal
True: R2L, Predicted: normal
True: R2L, Predicted: normal
True: R2L, Predicted: normal
True: R2L, Predicted: normal
True: R2L, Predicted: normal
True: R2L, Predicted: normal
True: R2L, Predicted: normal
True: R2L, Predicted: normal
True: R2L, Predicted: normal
True: R2L, Predicted: normal
True: R2L, Predicted: normal
True: R2L, Predicted: normal
True: U2R, Predicted: normal
True: U2R, Predicted: normal
True: U2R, Predicted: normal
True: U2R, Predicted: normal
True: U2R, Predicted: normal
True: normal, Predicted: R2L
True: normal, Predicted: DoS
True: normal, Predicted: Probe
True: normal, Predicted: R2L
True: normal, Predicted: R2L
True: normal, Predicted: R2L
True: normal, Predicted: Probe
True: normal, Predicted: R2L
True: normal, Predicted: DoS
True: normal, Predicted: R2L
True: normal, Predicted: R2L
True: normal, Predicted: DoS
True: normal, Predicted: R2L
True: normal, Predicted: R2L
True: normal, Predicted: DoS
True: normal, Predicted: R2L
True: normal, Predicted: R2L

誤分類(正解):
DoS       17
normal    17
R2L       12
Probe      8
U2R        5

誤分類(予測):
normal    41
R2L       12
DoS        4
Probe      2

------学習セット-----
精度: 0.9997570948544593
誤分類(正解):
DoS       5
normal    4
R2L       3

誤分類(予測):
normal    8
DoS       3
R2L       1

------学習セット-----
精度: 0.9997570948544593
誤分類(正解):
DoS       5
normal    4
R2L       3

誤分類(予測):
normal    8
DoS       3
R2L       1

------検証セット-----
精度: 0.9990283794178373
誤分類(正解):
normal    14
DoS       11
R2L       11
Probe      9
U2R        3

誤分類(予測):
normal    33
DoS        7
R2L        6
Probe      2

------検証セット-----
精度: 0.9990283794178373
誤分類(正解):
normal    14
DoS       11
R2L       11
Probe      9
U2R        3

誤分類(予測):
normal    33
DoS        7
R2L        6
Probe      2
Best Solution: [  2.00000 286.93928   1.62493   4.75624   1.64857]
精度: 0.9988057163677584
デフォルト精度: 0.9978543378810575
実行時間: 48220.8205秒
SVMの実行時間: 146317.5720秒
SVMの実行時間H: 40.6438時間
精度:0.9986  [    4.00000 34824.25773     7.67006     6.19858     2.95810]
精度:0.9990  [  2.00000 286.93928   1.62493   4.75624   1.64857]
精度:0.9993  [  2.00000 296.63303   0.60224   6.72597   2.24699]
精度:0.9985  [    4.00000 11130.51898    31.72969     8.65293     1.90610]
精度:0.9992  [  2.00000 347.79259   0.79982  -9.08313   2.25895]
精度:0.9992  [   2.00000 1033.49182    0.35034   -1.21594    2.70390]
精度:0.9983  [    4.00000 19416.15813    15.72109     1.85075     1.95875]
精度:0.9993  [  2.00000 287.44058   0.60447 -10.00000   1.45637]
精度:0.9984  [    4.00000 21998.94281    27.18736     3.25730     1.57497]
精度:0.9986  [    4.00000 12694.60290    18.15527     5.27864     2.83490]

--- 最終結果（平均値）---
平均分類精度: 0.998977774179183
デフォルト精度: 0.9978543378810575
平均実行時間: 73159.4903秒
平均実行時間H: 20.3221時間
平均TP: 39603.50
平均TN: 9750.00
平均FP: 16.00
平均FN: 32.50
平均検知率: 0.9992
平均誤警報率: 0.0016
平均適合率: 0.9996
平均F値: 0.9994
平均学習セット分類精度: 0.9998
平均検証セット分類精度: 0.9992
