標準化(0で有効): 0
データセット: digits
打ち切り学習回数: 1.0e+07
r_range = (-10, 10)
コロニーサイズ: 10
偵察バチのLIMIT: 100
サイクル数: 50
試行回数: 10
###############

1試行目

###############
初期化1 , Fitness:0.989010989010989
[    4.00000 22031.52241     2.10083     7.60699     2.15641]
初期化2 , Fitness:0.9712230215827338
[   1.00000 6467.95431   18.51934   -4.34956    2.43273]
初期化3 , Fitness:0.9712230215827338
[    4.00000 16947.59910    26.84714    -1.77032     1.14124]
初期化4 , Fitness:0.9712230215827338
[   1.00000 4497.29965    6.67206   -4.38574    2.36874]
初期化5 , Fitness:0.547112462006079
[   2.00000 4335.13386   28.96608    5.80639    1.33047]
初期化6 , Fitness:0.9712230215827338
[    1.00000 28740.17138    18.65679     7.41389     2.58090]
初期化7 , Fitness:0.547112462006079
[    2.00000 17503.69869    31.98557    -4.87830     2.57539]
初期化8 , Fitness:0.9836065573770493
[    4.00000 34832.18671    25.20632    -0.75399     1.56576]
初期化9 , Fitness:0.9712230215827338
[    4.00000 21021.76103     3.63036     3.24240     1.03892]
初期化10 , Fitness:0.526829268292683
[    2.00000 13493.37998     1.61767     8.40261     2.45285]
Gen: 1, Best: 0.9888888888888889
[    4.00000 22031.52241     2.10083     7.60699     2.15641]
Gen: 2, Best: 0.9888888888888889
[    4.00000 22031.52241     2.10083     7.60699     2.15641]
Gen: 3, Best: 0.9888888888888889
[    4.00000 22031.52241     2.10083     7.60699     2.15641]
Gen: 4, Best: 0.9888888888888889
[    4.00000 22031.52241     2.10083     7.60699     2.15641]
Gen: 5, Best: 0.9888888888888889
[    4.00000 22031.52241     2.10083     7.60699     2.15641]
Gen: 6, Best: 0.9925925925925925
[    4.00000 22031.52241     2.10083     7.60699     2.59407]
Gen: 7, Best: 0.9925925925925925
[    4.00000 22031.52241     2.10083     7.60699     2.59407]
Gen: 8, Best: 0.9925925925925925
[    4.00000 22031.52241     2.10083     7.60699     2.59407]
Gen: 9, Best: 0.9925925925925925
[    4.00000 22031.52241     2.10083     7.60699     2.59407]
Gen: 10, Best: 0.9925925925925925
[    4.00000 22031.52241     2.10083     7.60699     2.59407]
Gen: 11, Best: 0.9925925925925925
[    4.00000 22031.52241     2.10083     7.60699     2.59407]
Gen: 12, Best: 0.9944444444444445
[    4.00000 22031.52241     2.10083     6.70998     2.59407]
Gen: 13, Best: 0.9944444444444445
[    4.00000 22031.52241     2.10083     6.70998     2.59407]
Gen: 14, Best: 0.9944444444444445
[    4.00000 22031.52241     2.10083     6.70998     2.59407]
Gen: 15, Best: 0.9944444444444445
[    4.00000 22031.52241     2.10083     6.70998     2.59407]
Gen: 16, Best: 0.9944444444444445
[    4.00000 22031.52241     2.10083     6.70998     2.59407]
Gen: 17, Best: 0.9944444444444445
[    4.00000 22031.52241     2.10083     6.70998     2.59407]
Gen: 18, Best: 0.9944444444444445
[    4.00000 22031.52241     2.10083     6.70998     2.59407]
Gen: 19, Best: 0.9944444444444445
[    4.00000 22031.52241     2.10083     6.70998     2.59407]
Gen: 20, Best: 0.9944444444444445
[    4.00000 22031.52241     2.10083     6.70998     2.59407]
Gen: 21, Best: 0.9944444444444445
[    4.00000 22031.52241     2.10083     6.70998     2.59407]
Gen: 22, Best: 0.9944444444444445
[    4.00000 22031.52241     2.10083     6.70998     2.59407]
Gen: 23, Best: 0.9944444444444445
[    4.00000 22031.52241     2.10083     6.70998     2.59407]
Gen: 24, Best: 0.9944444444444445
[    4.00000 22031.52241     2.10083     6.70998     2.59407]
Gen: 25, Best: 0.9944444444444445
[    4.00000 22031.52241     2.10083     6.70998     2.59407]
Gen: 26, Best: 0.9944444444444445
[    4.00000 22031.52241     2.10083     6.70998     2.59407]
Gen: 27, Best: 0.9944444444444445
[    4.00000 22031.52241     2.10083     6.70998     2.59407]
Gen: 28, Best: 0.9944444444444445
[    4.00000 22031.52241     2.10083     6.70998     2.59407]
Gen: 29, Best: 0.9944444444444445
[    4.00000 22031.52241     2.10083     6.70998     2.59407]
Gen: 30, Best: 0.9944444444444445
[    4.00000 22031.52241     2.10083     6.70998     2.59407]
Gen: 31, Best: 0.9944444444444445
[    4.00000 22031.52241     2.10083     6.70998     2.59407]
Gen: 32, Best: 0.9944444444444445
[    4.00000 22031.52241     2.10083     6.70998     2.59407]
Gen: 33, Best: 0.9944444444444445
[    4.00000 22031.52241     2.10083     6.70998     2.59407]
Gen: 34, Best: 0.9944444444444445
[    4.00000 22031.52241     2.10083     6.70998     2.59407]
Gen: 35, Best: 0.9944444444444445
[    4.00000 22031.52241     2.10083     6.70998     2.59407]
Gen: 36, Best: 0.9944444444444445
[    4.00000 22031.52241     2.10083     6.70998     2.59407]
Gen: 37, Best: 0.9944444444444445
[    4.00000 22031.52241     2.10083     6.70998     2.59407]
Gen: 38, Best: 0.9944444444444445
[    4.00000 22031.52241     2.10083     6.70998     2.59407]
Gen: 39, Best: 0.9944444444444445
[    4.00000 22031.52241     2.10083     6.70998     2.59407]
Gen: 40, Best: 0.9944444444444445
[    4.00000 22031.52241     2.10083     6.70998     2.59407]
Gen: 41, Best: 0.9944444444444445
[    4.00000 22031.52241     2.10083     6.70998     2.59407]
Gen: 42, Best: 0.9944444444444445
[    4.00000 22031.52241     2.10083     6.70998     2.59407]
Gen: 43, Best: 0.9944444444444445
[    4.00000 22031.52241     2.10083     6.70998     2.59407]
Gen: 44, Best: 0.9944444444444445
[    4.00000 22031.52241     2.10083     6.70998     2.59407]
Gen: 45, Best: 0.9944444444444445
[    4.00000 22031.52241     2.10083     6.70998     2.59407]
Gen: 46, Best: 0.9944444444444445
[    4.00000 22031.52241     2.10083     6.70998     2.59407]
Gen: 47, Best: 0.9944444444444445
[    4.00000 22031.52241     2.10083     6.70998     2.59407]
Gen: 48, Best: 0.9944444444444445
[    4.00000 22031.52241     2.10083     6.70998     2.59407]
Gen: 49, Best: 0.9944444444444445
[    4.00000 22031.52241     2.10083     6.70998     2.59407]
Gen: 50, Best: 0.9944444444444445
[    4.00000 22031.52241     2.10083     6.70998     2.59407]
Best Solution: [    4.00000 22031.52241     2.10083     6.70998     2.59407]
Best Fitness: 0.9944444444444445
default Fitness: 0.9851851851851852
実行時間: 28.2785秒
SVMの実行時間: 28.1389秒
###############

2試行目

###############
初期化1 , Fitness:0.9712230215827338
[   1.00000 5444.83323   13.52270   -6.46311    2.36750]
初期化2 , Fitness:0.5232558139534883
[    2.00000 23155.14879    13.98549    -8.85063     2.78639]
初期化3 , Fitness:0.6157354618015963
[    3.00000 16494.67186    10.52833     5.52404     2.67458]
初期化4 , Fitness:0.9712230215827338
[    1.00000 22375.81735    20.09094     4.93703     1.39390]
初期化5 , Fitness:0.9836065573770493
[    4.00000 21920.94936    29.70840     0.08376     1.76694]
初期化6 , Fitness:0.9836065573770493
[   4.00000 5972.21447   18.97986    3.93821    1.50152]
初期化7 , Fitness:0.9712230215827338
[    1.00000 21158.45574    30.01001    -7.31758     2.11742]
初期化8 , Fitness:0.6375442739079104
[    3.00000 12531.12709    12.92813    -9.49840     1.55788]
初期化9 , Fitness:0.5232558139534883
[   2.00000 6760.51855   20.84024    9.49024    1.62424]
初期化10 , Fitness:0.9836065573770493
[   4.00000 5872.70130   28.52311   -7.07232    2.03888]
Gen: 1, Best: 0.9833333333333334
[    4.00000 21920.94936    29.70840     0.08376     1.76694]
Gen: 2, Best: 0.9888888888888889
[    4.00000 21920.94936    29.70840     0.08376     2.55856]
Gen: 3, Best: 0.9888888888888889
[    4.00000 21920.94936    29.70840     0.08376     2.55856]
Gen: 4, Best: 0.9888888888888889
[    4.00000 21920.94936    29.70840     0.08376     2.55856]
Gen: 5, Best: 0.9888888888888889
[    4.00000 16494.67186    10.52833     5.48847     2.67458]
Gen: 6, Best: 0.9888888888888889
[    4.00000 16494.67186    10.52833     5.48847     2.67458]
Gen: 7, Best: 0.9888888888888889
[    4.00000 16494.67186    10.52833     5.48847     2.67458]
Gen: 8, Best: 0.9888888888888889
[    4.00000 16494.67186    10.52833     5.48847     2.67458]
Gen: 9, Best: 0.9888888888888889
[    4.00000 16494.67186    10.52833     5.48847     2.67458]
Gen: 10, Best: 0.9888888888888889
[    4.00000 16494.67186    10.52833     5.48847     2.67458]
Gen: 11, Best: 0.9888888888888889
[    4.00000 16494.67186    10.52833     5.48847     2.67458]
Gen: 12, Best: 0.9888888888888889
[    4.00000 16494.67186    10.52833     5.48847     2.67458]
Gen: 13, Best: 0.9888888888888889
[    4.00000 16494.67186    10.52833     5.48847     2.67458]
Gen: 14, Best: 0.9888888888888889
[    4.00000 16494.67186    10.52833     5.48847     2.67458]
Gen: 15, Best: 0.9907407407407407
[    4.00000 12531.12709     0.59796     2.69299     1.55788]
Gen: 16, Best: 0.9907407407407407
[    4.00000 12531.12709     0.59796     2.69299     1.55788]
Gen: 17, Best: 0.9907407407407407
[    4.00000 12531.12709     0.59796     2.69299     1.55788]
Gen: 18, Best: 0.9907407407407407
[    4.00000 12531.12709     0.59796     2.69299     1.55788]
Gen: 19, Best: 0.9907407407407407
[    4.00000 12531.12709     0.59796     2.69299     1.55788]
Gen: 20, Best: 0.9907407407407407
[    4.00000 12531.12709     0.59796     2.69299     1.55788]
Gen: 21, Best: 0.9907407407407407
[    4.00000 12531.12709     0.59796     2.69299     1.55788]
Gen: 22, Best: 0.9907407407407407
[    4.00000 12531.12709     0.59796     2.69299     1.55788]
Gen: 23, Best: 0.9907407407407407
[    4.00000 12531.12709     0.59796     2.69299     1.55788]
Gen: 24, Best: 0.9925925925925925
[    4.00000 12531.12709     0.59796     2.69299     2.54954]
Gen: 25, Best: 0.9925925925925925
[    4.00000 12531.12709     0.59796     2.69299     2.54954]
Gen: 26, Best: 0.9925925925925925
[    4.00000 12531.12709     0.59796     2.69299     2.54954]
Gen: 27, Best: 0.9925925925925925
[    4.00000 12531.12709     0.59796     2.69299     2.54954]
Gen: 28, Best: 0.9925925925925925
[    4.00000 12531.12709     0.59796     2.69299     2.54954]
Gen: 29, Best: 0.9925925925925925
[    4.00000 12531.12709     0.59796     2.69299     2.54954]
Gen: 30, Best: 0.9925925925925925
[    4.00000 12531.12709     0.59796     2.69299     2.54954]
Gen: 31, Best: 0.9944444444444445
[    4.00000 12531.12709     0.59796     1.32789     2.54954]
Gen: 32, Best: 0.9944444444444445
[    4.00000 12531.12709     0.59796     1.32789     2.54954]
Gen: 33, Best: 0.9944444444444445
[    4.00000 12531.12709     0.59796     1.32789     2.54954]
Gen: 34, Best: 0.9944444444444445
[    4.00000 12531.12709     0.59796     1.32789     2.54954]
Gen: 35, Best: 0.9944444444444445
[    4.00000 12531.12709     0.59796     1.32789     2.54954]
Gen: 36, Best: 0.9944444444444445
[    4.00000 12531.12709     0.59796     1.32789     2.54954]
Gen: 37, Best: 0.9944444444444445
[    4.00000 12531.12709     0.59796     1.32789     2.54954]
Gen: 38, Best: 0.9944444444444445
[    4.00000 12531.12709     0.59796     1.32789     2.54954]
Gen: 39, Best: 0.9944444444444445
[    4.00000 12531.12709     0.59796     1.32789     2.54954]
Gen: 40, Best: 0.9944444444444445
[    4.00000 12531.12709     0.59796     1.32789     2.54954]
Gen: 41, Best: 0.9944444444444445
[    4.00000 12531.12709     0.59796     1.32789     2.54954]
Gen: 42, Best: 0.9944444444444445
[    4.00000 12531.12709     0.59796     1.32789     2.54954]
Gen: 43, Best: 0.9944444444444445
[    4.00000 12531.12709     0.59796     1.32789     2.54954]
Gen: 44, Best: 0.9944444444444445
[    4.00000 12531.12709     0.59796     1.32789     2.54954]
Gen: 45, Best: 0.9944444444444445
[    4.00000 12531.12709     0.59796     1.32789     2.54954]
Gen: 46, Best: 0.9944444444444445
[    4.00000 12531.12709     0.59796     1.32789     2.54954]
Gen: 47, Best: 0.9944444444444445
[    4.00000 16494.67186     4.50281     8.38396     2.67458]
Gen: 48, Best: 0.9944444444444445
[    4.00000 16494.67186     4.50281     8.38396     2.67458]
Gen: 49, Best: 0.9944444444444445
[    4.00000 16494.67186     4.50281     8.38396     2.67458]
Gen: 50, Best: 0.9944444444444445
[    4.00000 16494.67186     4.50281     8.38396     2.67458]
Best Solution: [    4.00000 16494.67186     4.50281     8.38396     2.67458]
Best Fitness: 0.9944444444444445
default Fitness: 0.9851851851851852
実行時間: 25.9967秒
SVMの実行時間: 53.9929秒
###############

3試行目

###############
初期化1 , Fitness:0.9712230215827338
[    1.00000 25686.34152     2.59616    -0.47749     1.68655]
初期化2 , Fitness:0.9836065573770493
[   4.00000 3489.55524   24.95554   -2.22326    1.65022]
初期化3 , Fitness:0.6033519553072626
[    3.00000 34111.96835     6.59218     9.31925     1.80627]
初期化4 , Fitness:0.9712230215827338
[    1.00000 23033.75603     2.38589     4.27796     2.56695]
初期化5 , Fitness:0.5232558139534883
[    2.00000 17365.73423    25.65234     1.72602     2.07855]
初期化6 , Fitness:0.5232558139534883
[    2.00000 30288.02182     8.27324    -0.30391     1.67569]
初期化7 , Fitness:0.9712230215827338
[    1.00000 16234.47730    19.80796    -5.21933     1.50660]
初期化8 , Fitness:0.5232558139534883
[    2.00000 24698.01853    21.88953     5.72281     1.34821]
初期化9 , Fitness:0.9712230215827338
[    4.00000 33848.70637    29.70475    -2.34924     1.22238]
初期化10 , Fitness:0.9712230215827338
[    4.00000 34384.44721    26.26224     8.23963     1.38854]
Gen: 1, Best: 0.9833333333333334
[   4.00000 3489.55524   24.95554   -2.22326    1.65022]
Gen: 2, Best: 0.9833333333333334
[   4.00000 3489.55524   24.95554   -2.22326    1.65022]
Gen: 3, Best: 0.9833333333333334
[   4.00000 3489.55524   24.95554   -2.22326    1.65022]
Gen: 4, Best: 0.9833333333333334
[   4.00000 3489.55524   24.95554   -2.22326    1.65022]
Gen: 5, Best: 0.9944444444444445
[    4.00000 23033.75603     2.38589     4.27796     2.56695]
Gen: 6, Best: 0.9944444444444445
[    4.00000 23033.75603     2.38589     4.27796     2.56695]
Gen: 7, Best: 0.9944444444444445
[    4.00000 23033.75603     2.38589     4.27796     2.56695]
Gen: 8, Best: 0.9944444444444445
[    4.00000 23033.75603     2.38589     4.27796     2.56695]
Gen: 9, Best: 0.9944444444444445
[    4.00000 23033.75603     2.38589     4.27796     2.56695]
Gen: 10, Best: 0.9944444444444445
[    4.00000 23033.75603     2.38589     4.27796     2.56695]
Gen: 11, Best: 0.9944444444444445
[    4.00000 23033.75603     2.38589     4.27796     2.56695]
Gen: 12, Best: 0.9944444444444445
[    4.00000 23033.75603     2.38589     4.27796     2.56695]
Gen: 13, Best: 0.9944444444444445
[    4.00000 23033.75603     2.38589     4.27796     2.56695]
Gen: 14, Best: 0.9944444444444445
[    4.00000 23033.75603     2.38589     4.27796     2.56695]
Gen: 15, Best: 0.9944444444444445
[    4.00000 23033.75603     2.38589     4.27796     2.56695]
Gen: 16, Best: 0.9944444444444445
[    4.00000 23033.75603     2.38589     4.27796     2.56695]
Gen: 17, Best: 0.9944444444444445
[    4.00000 23033.75603     2.38589     4.27796     2.56695]
Gen: 18, Best: 0.9944444444444445
[    4.00000 23033.75603     2.38589     4.27796     2.56695]
Gen: 19, Best: 0.9944444444444445
[    4.00000 23033.75603     2.38589     4.27796     2.56695]
Gen: 20, Best: 0.9944444444444445
[    4.00000 23033.75603     2.38589     4.27796     2.56695]
Gen: 21, Best: 0.9944444444444445
[    4.00000 23033.75603     2.38589     4.27796     2.56695]
Gen: 22, Best: 0.9944444444444445
[    4.00000 23033.75603     2.38589     4.27796     2.56695]
Gen: 23, Best: 0.9944444444444445
[    4.00000 23033.75603     2.38589     4.27796     2.56695]
Gen: 24, Best: 0.9944444444444445
[    4.00000 23033.75603     2.38589     4.27796     2.56695]
Gen: 25, Best: 0.9944444444444445
[    4.00000 23033.75603     2.38589     4.27796     2.56695]
Gen: 26, Best: 0.9944444444444445
[    4.00000 23033.75603     2.38589     4.27796     2.56695]
Gen: 27, Best: 0.9944444444444445
[    4.00000 23033.75603     2.38589     4.27796     2.56695]
Gen: 28, Best: 0.9944444444444445
[    4.00000 23033.75603     2.38589     4.27796     2.56695]
Gen: 29, Best: 0.9944444444444445
[    4.00000 23033.75603     2.38589     4.27796     2.56695]
Gen: 30, Best: 0.9944444444444445
[    4.00000 23033.75603     2.38589     4.27796     2.56695]
Gen: 31, Best: 0.9944444444444445
[    4.00000 23033.75603     2.38589     4.27796     2.56695]
Gen: 32, Best: 0.9944444444444445
[    4.00000 23033.75603     2.38589     4.27796     2.56695]
Gen: 33, Best: 0.9944444444444445
[    4.00000 23033.75603     2.38589     4.27796     2.56695]
Gen: 34, Best: 0.9944444444444445
[    4.00000 23033.75603     2.38589     4.27796     2.56695]
Gen: 35, Best: 0.9944444444444445
[    4.00000 23033.75603     2.38589     4.27796     2.56695]
Gen: 36, Best: 0.9944444444444445
[    4.00000 23033.75603     2.38589     4.27796     2.56695]
Gen: 37, Best: 0.9944444444444445
[    4.00000 23033.75603     2.38589     4.27796     2.56695]
Gen: 38, Best: 0.9944444444444445
[    4.00000 23033.75603     2.38589     4.27796     2.56695]
Gen: 39, Best: 0.9944444444444445
[    4.00000 23033.75603     2.38589     4.27796     2.56695]
Gen: 40, Best: 0.9944444444444445
[    4.00000 23033.75603     2.38589     4.27796     2.56695]
Gen: 41, Best: 0.9944444444444445
[    4.00000 23033.75603     2.38589     4.27796     2.56695]
Gen: 42, Best: 0.9944444444444445
[    4.00000 23033.75603     2.38589     4.27796     2.56695]
Gen: 43, Best: 0.9944444444444445
[    4.00000 23033.75603     2.38589     4.27796     2.56695]
Gen: 44, Best: 0.9944444444444445
[    4.00000 23033.75603     2.38589     4.27796     2.56695]
Gen: 45, Best: 0.9944444444444445
[    4.00000 23033.75603     2.38589     4.27796     2.56695]
Gen: 46, Best: 0.9944444444444445
[    4.00000 23033.75603     2.38589     4.27796     2.56695]
Gen: 47, Best: 0.9944444444444445
[    4.00000 23033.75603     2.38589     4.27796     2.56695]
Gen: 48, Best: 0.9944444444444445
[    4.00000 23033.75603     2.38589     4.27796     2.56695]
Gen: 49, Best: 0.9944444444444445
[    4.00000 23033.75603     2.38589     4.27796     2.56695]
Gen: 50, Best: 0.9944444444444445
[    4.00000 23033.75603     2.38589     4.27796     2.56695]
Best Solution: [    4.00000 23033.75603     2.38589     4.27796     2.56695]
Best Fitness: 0.9944444444444445
default Fitness: 0.9851851851851852
実行時間: 30.7585秒
SVMの実行時間: 84.6068秒
###############

4試行目

###############
初期化1 , Fitness:0.6264501160092807
[    3.00000 13319.45764     8.97486    -2.16119     2.70040]
初期化2 , Fitness:0.9712230215827338
[    1.00000 19198.08602     1.26082    -1.18654     1.20035]
初期化3 , Fitness:0.9712230215827338
[   1.00000 2884.82003    8.70856    5.47073    2.35211]
初期化4 , Fitness:0.6826801517067004
[    3.00000 26923.49344     1.52799    -5.71008     2.51250]
初期化5 , Fitness:0.9836065573770493
[    4.00000 16201.43282    23.27267     2.76086     1.74917]
初期化6 , Fitness:0.9712230215827338
[    1.00000 20035.16532     9.85598     9.88732     2.91504]
初期化7 , Fitness:0.9836065573770493
[    4.00000 13977.44396    24.58589     8.27314     2.35755]
初期化8 , Fitness:0.547112462006079
[   2.00000 9667.69345   27.68860   -3.70617    1.19566]
初期化9 , Fitness:0.6293706293706294
[   3.00000 3106.10021   16.44681   -6.39369    2.52410]
初期化10 , Fitness:0.5232558139534883
[    2.00000 15617.27427    24.60296    -5.08636     2.09412]
Gen: 1, Best: 0.9888888888888889
[    4.00000 13977.44396    24.58589     8.27314     3.00000]
Gen: 2, Best: 0.9888888888888889
[    4.00000 13977.44396    24.58589     8.27314     3.00000]
Gen: 3, Best: 0.9888888888888889
[    4.00000 13977.44396    24.58589     8.27314     3.00000]
Gen: 4, Best: 0.9888888888888889
[    4.00000 13977.44396    24.58589     8.27314     3.00000]
Gen: 5, Best: 0.9888888888888889
[    4.00000 13977.44396    24.58589     8.27314     3.00000]
Gen: 6, Best: 0.9888888888888889
[    4.00000 13977.44396    24.58589     8.27314     3.00000]
Gen: 7, Best: 0.9888888888888889
[    4.00000 13977.44396    24.58589     8.27314     3.00000]
Gen: 8, Best: 0.9888888888888889
[    4.00000 13977.44396    24.58589     8.27314     3.00000]
Gen: 9, Best: 0.9888888888888889
[    4.00000 13977.44396    24.58589     8.27314     3.00000]
Gen: 10, Best: 0.9888888888888889
[    4.00000 13977.44396    24.58589     8.27314     3.00000]
Gen: 11, Best: 0.9888888888888889
[    4.00000 13977.44396    24.58589     8.27314     3.00000]
Gen: 12, Best: 0.9888888888888889
[    4.00000 13977.44396    24.58589     8.27314     3.00000]
Gen: 13, Best: 0.9888888888888889
[    4.00000 13977.44396    24.58589     8.27314     3.00000]
Gen: 14, Best: 0.9888888888888889
[    4.00000 13977.44396    24.58589     8.27314     3.00000]
Gen: 15, Best: 0.9888888888888889
[    4.00000 13977.44396    24.58589     8.27314     3.00000]
Gen: 16, Best: 0.9888888888888889
[    4.00000 13977.44396    24.58589     8.27314     3.00000]
Gen: 17, Best: 0.9888888888888889
[    4.00000 13977.44396    24.58589     8.27314     3.00000]
Gen: 18, Best: 0.9888888888888889
[    4.00000 13977.44396    24.58589     8.27314     3.00000]
Gen: 19, Best: 0.9888888888888889
[    4.00000 13977.44396    24.58589     8.27314     3.00000]
Gen: 20, Best: 0.9888888888888889
[    4.00000 13977.44396    24.58589     8.27314     3.00000]
Gen: 21, Best: 0.9907407407407407
[    4.00000 20035.16532     9.85598     9.88732     2.91504]
Gen: 22, Best: 0.9907407407407407
[    4.00000 20035.16532     9.85598     9.88732     2.91504]
Gen: 23, Best: 0.9907407407407407
[    4.00000 20035.16532     9.85598     9.88732     2.91504]
Gen: 24, Best: 0.9907407407407407
[    4.00000 20035.16532     9.85598     9.88732     2.91504]
Gen: 25, Best: 0.9907407407407407
[    4.00000 20035.16532     9.85598     9.88732     2.91504]
Gen: 26, Best: 0.9907407407407407
[    4.00000 20035.16532     9.85598     9.88732     2.91504]
Gen: 27, Best: 0.9907407407407407
[    4.00000 20035.16532     9.85598     9.88732     2.91504]
Gen: 28, Best: 0.9907407407407407
[    4.00000 20035.16532     9.85598     9.88732     2.91504]
Gen: 29, Best: 0.9907407407407407
[    4.00000 20035.16532     9.85598     9.88732     2.91504]
Gen: 30, Best: 0.9907407407407407
[    4.00000 20035.16532     9.85598     9.88732     2.91504]
Gen: 31, Best: 0.9907407407407407
[    4.00000 20035.16532     9.85598     9.88732     2.91504]
Gen: 32, Best: 0.9907407407407407
[    4.00000 20035.16532     9.85598     9.88732     2.91504]
Gen: 33, Best: 0.9907407407407407
[    4.00000 20035.16532     9.85598     9.88732     2.91504]
Gen: 34, Best: 0.9907407407407407
[    4.00000 20035.16532     9.85598     9.88732     2.91504]
Gen: 35, Best: 0.9907407407407407
[    4.00000 20035.16532     9.85598     9.88732     2.91504]
Gen: 36, Best: 0.9907407407407407
[    4.00000 20035.16532     9.85598     9.88732     2.91504]
Gen: 37, Best: 0.9907407407407407
[    4.00000 20035.16532     9.85598     9.88732     2.91504]
Gen: 38, Best: 0.9907407407407407
[    4.00000 20035.16532     9.85598     9.88732     2.91504]
Gen: 39, Best: 0.9944444444444445
[   4.00000 2884.82003    4.91424    9.38155    2.65171]
Gen: 40, Best: 0.9944444444444445
[   4.00000 2884.82003    4.91424    9.38155    2.65171]
Gen: 41, Best: 0.9944444444444445
[   4.00000 2884.82003    4.91424    9.38155    2.65171]
Gen: 42, Best: 0.9944444444444445
[   4.00000 2884.82003    4.91424    9.38155    2.65171]
Gen: 43, Best: 0.9944444444444445
[   4.00000 2884.82003    4.91424    9.38155    2.65171]
Gen: 44, Best: 0.9944444444444445
[   4.00000 2884.82003    4.91424    9.38155    2.65171]
Gen: 45, Best: 0.9944444444444445
[   4.00000 2884.82003    4.91424    9.38155    2.65171]
Gen: 46, Best: 0.9944444444444445
[   4.00000 2884.82003    4.91424    9.38155    2.65171]
Gen: 47, Best: 0.9944444444444445
[   4.00000 2884.82003    4.91424    9.38155    2.65171]
Gen: 48, Best: 0.9944444444444445
[   4.00000 2884.82003    4.91424    9.38155    2.65171]
Gen: 49, Best: 0.9944444444444445
[   4.00000 2884.82003    4.91424    9.38155    2.65171]
Gen: 50, Best: 0.9944444444444445
[   4.00000 2884.82003    4.91424    9.38155    2.65171]
Best Solution: [   4.00000 2884.82003    4.91424    9.38155    2.65171]
Best Fitness: 0.9944444444444445
default Fitness: 0.9851851851851852
実行時間: 24.9246秒
SVMの実行時間: 109.3865秒
###############

5試行目

###############
初期化1 , Fitness:0.6171428571428572
[    3.00000 19555.30234    26.60033    -2.89626     2.86274]
初期化2 , Fitness:0.9712230215827338
[    1.00000 29797.14817     9.09507     0.32029     2.91587]
初期化3 , Fitness:0.9836065573770493
[    4.00000 33232.65808     2.59062     0.62576     1.59089]
初期化4 , Fitness:0.5373134328358209
[    2.00000 12151.46474     0.88303     5.59808     1.28686]
初期化5 , Fitness:0.6026785714285714
[    3.00000 27467.70238     1.21341     3.59706     2.47475]
初期化6 , Fitness:0.9712230215827338
[    1.00000 10034.82757    25.44019     6.05316     2.49111]
初期化7 , Fitness:0.9712230215827338
[    1.00000 32511.89500    17.11979    -9.77607     2.71008]
初期化8 , Fitness:0.9836065573770493
[    4.00000 16679.84727    23.18612     9.88321     1.53451]
初期化9 , Fitness:0.6171428571428572
[    3.00000 17015.79324    25.91239     7.05483     1.73198]
初期化10 , Fitness:0.6221198156682027
[    3.00000 25347.47215    14.52165    -2.61006     1.81576]
Gen: 1, Best: 0.9833333333333334
[    4.00000 33232.65808     2.59062     0.62576     1.59089]
Gen: 2, Best: 0.9833333333333334
[    4.00000 33232.65808     2.59062     0.62576     1.59089]
Gen: 3, Best: 0.9833333333333334
[    4.00000 33232.65808     2.59062     0.62576     1.59089]
Gen: 4, Best: 0.9888888888888889
[    4.00000 29797.14817     9.09507     0.32029     2.91587]
Gen: 5, Best: 0.9888888888888889
[    4.00000 29797.14817     9.09507     0.32029     2.91587]
Gen: 6, Best: 0.9888888888888889
[    4.00000 29797.14817     9.09507     0.32029     2.91587]
Gen: 7, Best: 0.9888888888888889
[    4.00000 29797.14817     9.09507     0.32029     2.91587]
Gen: 8, Best: 0.9888888888888889
[    4.00000 29797.14817     9.09507     0.32029     2.91587]
Gen: 9, Best: 0.9888888888888889
[    4.00000 29797.14817     9.09507     0.32029     2.91587]
Gen: 10, Best: 0.9888888888888889
[    4.00000 29797.14817     9.09507     0.32029     2.91587]
Gen: 11, Best: 0.9888888888888889
[    4.00000 29797.14817     9.09507     0.32029     2.91587]
Gen: 12, Best: 0.9888888888888889
[    4.00000 29797.14817     9.09507     0.32029     2.91587]
Gen: 13, Best: 0.9888888888888889
[    4.00000 29797.14817     9.09507     0.32029     2.91587]
Gen: 14, Best: 0.9888888888888889
[    4.00000 29797.14817     9.09507     0.32029     2.91587]
Gen: 15, Best: 0.9888888888888889
[    4.00000 29797.14817     9.09507     0.32029     2.91587]
Gen: 16, Best: 0.9888888888888889
[    4.00000 29797.14817     9.09507     0.32029     2.91587]
Gen: 17, Best: 0.9888888888888889
[    4.00000 29797.14817     9.09507     0.32029     2.91587]
Gen: 18, Best: 0.9888888888888889
[    4.00000 29797.14817     9.09507     0.32029     2.91587]
Gen: 19, Best: 0.9925925925925925
[    4.00000 33232.65808     0.80898     9.29628     1.59089]
Gen: 20, Best: 0.9925925925925925
[    4.00000 33232.65808     0.80898     9.29628     1.59089]
Gen: 21, Best: 0.9925925925925925
[    4.00000 33232.65808     0.80898     9.29628     1.59089]
Gen: 22, Best: 0.9925925925925925
[    4.00000 33232.65808     0.80898     9.29628     1.59089]
Gen: 23, Best: 0.9925925925925925
[    4.00000 33232.65808     0.80898     9.29628     1.59089]
Gen: 24, Best: 0.9925925925925925
[    4.00000 33232.65808     0.80898     9.29628     1.59089]
Gen: 25, Best: 0.9925925925925925
[    4.00000 33232.65808     0.80898     9.29628     1.59089]
Gen: 26, Best: 0.9925925925925925
[    4.00000 33232.65808     0.80898     9.29628     1.59089]
Gen: 27, Best: 0.9925925925925925
[    4.00000 33232.65808     0.80898     9.29628     1.59089]
Gen: 28, Best: 0.9944444444444445
[    4.00000 33232.65808     0.80898     8.33712     1.59089]
Gen: 29, Best: 0.9944444444444445
[    4.00000 33232.65808     0.80898     8.33712     1.59089]
Gen: 30, Best: 0.9944444444444445
[    4.00000 33232.65808     0.80898     8.33712     1.59089]
Gen: 31, Best: 0.9944444444444445
[    4.00000 33232.65808     0.80898     8.33712     1.59089]
Gen: 32, Best: 0.9944444444444445
[    4.00000 33232.65808     0.80898     8.33712     1.59089]
Gen: 33, Best: 0.9944444444444445
[    4.00000 33232.65808     0.80898     8.33712     1.59089]
Gen: 34, Best: 0.9944444444444445
[    4.00000 33232.65808     0.80898     8.33712     1.59089]
Gen: 35, Best: 0.9944444444444445
[    4.00000 33232.65808     0.80898     8.33712     1.59089]
Gen: 36, Best: 0.9944444444444445
[    4.00000 33232.65808     0.80898     8.33712     1.59089]
Gen: 37, Best: 0.9944444444444445
[    4.00000 33232.65808     0.80898     8.33712     1.59089]
Gen: 38, Best: 0.9944444444444445
[    4.00000 33232.65808     0.80898     8.33712     1.59089]
Gen: 39, Best: 0.9944444444444445
[    4.00000 33232.65808     0.80898     8.33712     1.59089]
Gen: 40, Best: 0.9944444444444445
[    4.00000 33232.65808     0.80898     8.33712     1.59089]
Gen: 41, Best: 0.9944444444444445
[    4.00000 33232.65808     0.80898     8.33712     1.59089]
Gen: 42, Best: 0.9944444444444445
[    4.00000 33232.65808     0.80898     8.33712     1.59089]
Gen: 43, Best: 0.9944444444444445
[    4.00000 33232.65808     0.80898     8.33712     1.59089]
Gen: 44, Best: 0.9944444444444445
[    4.00000 33232.65808     0.80898     8.33712     1.59089]
Gen: 45, Best: 0.9944444444444445
[    4.00000 33232.65808     0.80898     8.33712     1.59089]
Gen: 46, Best: 0.9944444444444445
[    4.00000 33232.65808     0.80898     8.33712     1.59089]
Gen: 47, Best: 0.9944444444444445
[    4.00000 33232.65808     0.80898     8.33712     1.59089]
Gen: 48, Best: 0.9944444444444445
[    4.00000 33232.65808     0.80898     8.33712     1.59089]
Gen: 49, Best: 0.9944444444444445
[    4.00000 33232.65808     0.80898     8.33712     1.59089]
Gen: 50, Best: 0.9944444444444445
[    4.00000 33232.65808     0.80898     8.33712     1.59089]
Best Solution: [    4.00000 33232.65808     0.80898     8.33712     1.59089]
Best Fitness: 0.9944444444444445
default Fitness: 0.9851851851851852
実行時間: 24.6600秒
SVMの実行時間: 133.9038秒
###############

6試行目

###############
初期化1 , Fitness:0.9712230215827338
[    4.00000 27877.64181     8.66040     0.45918     1.41456]
初期化2 , Fitness:0.6164383561643836
[    3.00000 24258.99685    29.45691    -3.94031     1.29176]
初期化3 , Fitness:0.627177700348432
[    3.00000 21989.38306    20.34436    -6.30938     1.24661]
初期化4 , Fitness:0.6136363636363635
[    3.00000 13926.87365    24.46879     2.52670     2.91496]
初期化5 , Fitness:0.6157354618015963
[    3.00000 11839.58706    12.53389     8.18735     1.47234]
初期化6 , Fitness:0.5232558139534883
[    2.00000 19560.03253    22.79774    -0.61351     2.13805]
初期化7 , Fitness:0.5242718446601942
[    2.00000 34918.44664     2.64057    -9.92167     2.81708]
初期化8 , Fitness:0.9836065573770493
[    4.00000 10298.73982    20.34717     2.51799     1.51693]
初期化9 , Fitness:0.989010989010989
[    4.00000 22353.86217    31.16027     5.19570     2.69499]
初期化10 , Fitness:0.9836065573770493
[    4.00000 16536.60946     7.78593     3.54891     1.56089]
Gen: 1, Best: 0.9888888888888889
[    4.00000 22353.86217    31.16027     5.19570     2.69499]
Gen: 2, Best: 0.9888888888888889
[    4.00000 22353.86217    31.16027     5.19570     2.69499]
Gen: 3, Best: 0.9888888888888889
[    4.00000 22353.86217    31.16027     5.19570     2.69499]
Gen: 4, Best: 0.9888888888888889
[    4.00000 22353.86217    31.16027     5.19570     2.69499]
Gen: 5, Best: 0.9888888888888889
[    4.00000 22353.86217    31.16027     5.19570     2.69499]
Gen: 6, Best: 0.9888888888888889
[    4.00000 22353.86217    31.16027     5.19570     2.69499]
Gen: 7, Best: 0.9888888888888889
[    4.00000 13926.87365    21.57682     1.50511     2.91496]
Gen: 8, Best: 0.9888888888888889
[    4.00000 13926.87365    21.57682     1.50511     2.91496]
Gen: 9, Best: 0.9888888888888889
[    4.00000 13926.87365    21.57682     1.50511     2.91496]
Gen: 10, Best: 0.9888888888888889
[    4.00000 13926.87365    21.57682     1.50511     2.91496]
Gen: 11, Best: 0.9888888888888889
[    4.00000 13926.87365    21.57682     1.50511     2.91496]
Gen: 12, Best: 0.9888888888888889
[    4.00000 13926.87365    21.57682     1.50511     2.91496]
Gen: 13, Best: 0.9888888888888889
[    4.00000 13926.87365    21.57682     1.50511     2.91496]
Gen: 14, Best: 0.9888888888888889
[    4.00000 13926.87365    21.57682     1.50511     2.91496]
Gen: 15, Best: 0.9888888888888889
[    4.00000 13926.87365    21.57682     1.50511     2.91496]
Gen: 16, Best: 0.9888888888888889
[    4.00000 13926.87365    21.57682     1.50511     2.91496]
Gen: 17, Best: 0.9888888888888889
[    4.00000 13926.87365    21.57682     1.50511     2.91496]
Gen: 18, Best: 0.9888888888888889
[    4.00000 13926.87365    21.57682     1.50511     2.91496]
Gen: 19, Best: 0.9888888888888889
[    4.00000 13926.87365    21.57682     1.50511     2.91496]
Gen: 20, Best: 0.9888888888888889
[    4.00000 13926.87365    21.57682     1.50511     2.91496]
Gen: 21, Best: 0.9888888888888889
[    4.00000 13926.87365    21.57682     1.50511     2.91496]
Gen: 22, Best: 0.9888888888888889
[    4.00000 13926.87365    21.57682     1.50511     2.91496]
Gen: 23, Best: 0.9888888888888889
[    4.00000 13926.87365    21.57682     1.50511     2.91496]
Gen: 24, Best: 0.9888888888888889
[    4.00000 13926.87365    21.57682     1.50511     2.91496]
Gen: 25, Best: 0.9888888888888889
[    4.00000 13926.87365    21.57682     1.50511     2.91496]
Gen: 26, Best: 0.9888888888888889
[    4.00000 13926.87365    21.57682     1.50511     2.91496]
Gen: 27, Best: 0.9888888888888889
[    4.00000 13926.87365    21.57682     1.50511     2.91496]
Gen: 28, Best: 0.9888888888888889
[    4.00000 13926.87365    21.57682     1.50511     2.91496]
Gen: 29, Best: 0.9888888888888889
[    4.00000 13926.87365    21.57682     1.50511     2.91496]
Gen: 30, Best: 0.9888888888888889
[    4.00000 13926.87365    21.57682     1.50511     2.91496]
Gen: 31, Best: 0.9888888888888889
[    4.00000 13926.87365    21.57682     1.50511     2.91496]
Gen: 32, Best: 0.9888888888888889
[    4.00000 13926.87365    21.57682     1.50511     2.91496]
Gen: 33, Best: 0.9888888888888889
[    4.00000 13926.87365    21.57682     1.50511     2.91496]
Gen: 34, Best: 0.9888888888888889
[    4.00000 13926.87365    21.57682     1.50511     2.91496]
Gen: 35, Best: 0.9888888888888889
[    4.00000 13926.87365    21.57682     1.50511     2.91496]
Gen: 36, Best: 0.9888888888888889
[    4.00000 13926.87365    21.57682     1.50511     2.91496]
Gen: 37, Best: 0.9888888888888889
[    4.00000 13926.87365    21.57682     1.50511     2.91496]
Gen: 38, Best: 0.9888888888888889
[    4.00000 13926.87365    21.57682     1.50511     2.91496]
Gen: 39, Best: 0.9925925925925925
[    4.00000 27877.64181     0.73365     9.05303     1.93183]
Gen: 40, Best: 0.9925925925925925
[    4.00000 27877.64181     0.73365     9.05303     1.93183]
Gen: 41, Best: 0.9925925925925925
[    4.00000 27877.64181     0.73365     9.05303     1.93183]
Gen: 42, Best: 0.9925925925925925
[    4.00000 27877.64181     0.73365     9.05303     1.93183]
Gen: 43, Best: 0.9925925925925925
[    4.00000 27877.64181     0.73365     9.05303     1.93183]
Gen: 44, Best: 0.9925925925925925
[    4.00000 27877.64181     0.73365     9.05303     1.93183]
Gen: 45, Best: 0.9925925925925925
[    4.00000 27877.64181     0.73365     9.05303     1.93183]
Gen: 46, Best: 0.9925925925925925
[    4.00000 27877.64181     0.73365     9.05303     1.93183]
Gen: 47, Best: 0.9925925925925925
[    4.00000 27877.64181     0.73365     9.05303     1.93183]
Gen: 48, Best: 0.9925925925925925
[    4.00000 27877.64181     0.73365     9.05303     1.93183]
Gen: 49, Best: 0.9925925925925925
[    4.00000 27877.64181     0.73365     9.05303     1.93183]
Gen: 50, Best: 0.9925925925925925
[    4.00000 27877.64181     0.73365     9.05303     1.93183]
Best Solution: [    4.00000 27877.64181     0.73365     9.05303     1.93183]
Best Fitness: 0.9925925925925925
default Fitness: 0.9851851851851852
実行時間: 28.3409秒
SVMの実行時間: 162.1036秒
###############

7試行目

###############
初期化1 , Fitness:0.9712230215827338
[    4.00000 32487.19271    13.55388     7.68004     1.41731]
初期化2 , Fitness:0.547112462006079
[    2.00000 20481.72636    30.40583     6.27885     2.97888]
初期化3 , Fitness:0.5232558139534883
[    2.00000 17803.37093     7.76061     4.24778     2.95238]
初期化4 , Fitness:0.6157354618015963
[   3.00000 5249.91129    5.29281    1.68122    2.89428]
初期化5 , Fitness:0.9712230215827338
[    1.00000 14056.93245    22.36029     0.92622     2.40672]
初期化6 , Fitness:0.9712230215827338
[    1.00000 12540.74179    24.10635     7.36163     1.71521]
初期化7 , Fitness:0.6136363636363635
[    3.00000 17806.61503    25.40012     3.21823     2.21928]
初期化8 , Fitness:0.9712230215827338
[   1.00000 3680.40394   29.15415    0.41611    1.07636]
初期化9 , Fitness:0.6228373702422145
[    3.00000 32168.05328    23.08258     2.18007     2.35043]
初期化10 , Fitness:0.6185567010309279
[    3.00000 30683.49980    31.44483     6.88436     1.54328]
Gen: 1, Best: 0.9833333333333334
[    4.00000 12540.74179    24.10635     7.36163     1.71521]
Gen: 2, Best: 0.9833333333333334
[    4.00000 12540.74179    24.10635     7.36163     1.71521]
Gen: 3, Best: 0.9833333333333334
[    4.00000 12540.74179    24.10635     7.36163     1.71521]
Gen: 4, Best: 0.9888888888888889
[    4.00000 12540.74179    24.10635     7.36163     2.85859]
Gen: 5, Best: 0.9888888888888889
[    4.00000 12540.74179    24.10635     7.36163     2.85859]
Gen: 6, Best: 0.9888888888888889
[    4.00000 12540.74179    24.10635     7.36163     2.85859]
Gen: 7, Best: 0.9888888888888889
[    4.00000 12540.74179    24.10635     7.36163     2.85859]
Gen: 8, Best: 0.9888888888888889
[    4.00000 12540.74179    24.10635     7.36163     2.85859]
Gen: 9, Best: 0.9888888888888889
[    4.00000 12540.74179    24.10635     7.36163     2.85859]
Gen: 10, Best: 0.9888888888888889
[    4.00000 12540.74179    24.10635     7.36163     2.85859]
Gen: 11, Best: 0.9888888888888889
[    4.00000 12540.74179    24.10635     7.36163     2.85859]
Gen: 12, Best: 0.9888888888888889
[    4.00000 12540.74179    24.10635     7.36163     2.85859]
Gen: 13, Best: 0.9888888888888889
[    4.00000 12540.74179    24.10635     7.36163     2.85859]
Gen: 14, Best: 0.9888888888888889
[    4.00000 17803.37093     7.76061     4.24778     2.95238]
Gen: 15, Best: 0.9888888888888889
[    4.00000 17803.37093     7.76061     4.24778     2.95238]
Gen: 16, Best: 0.9888888888888889
[    4.00000 17803.37093     7.76061     4.24778     2.95238]
Gen: 17, Best: 0.9888888888888889
[    4.00000 20481.72636    30.40583     6.27885     2.97888]
Gen: 18, Best: 0.9888888888888889
[    4.00000 20481.72636    30.40583     6.27885     2.97888]
Gen: 19, Best: 0.9888888888888889
[    4.00000 20481.72636    30.40583     6.27885     2.97888]
Gen: 20, Best: 0.9888888888888889
[    4.00000 20481.72636    30.40583     6.27885     2.97888]
Gen: 21, Best: 0.9888888888888889
[    4.00000 20481.72636    30.40583     6.27885     2.97888]
Gen: 22, Best: 0.9888888888888889
[    4.00000 20481.72636    30.40583     6.27885     2.97888]
Gen: 23, Best: 0.9888888888888889
[    4.00000 20481.72636    30.40583     6.27885     2.97888]
Gen: 24, Best: 0.9888888888888889
[    4.00000 20481.72636    30.40583     6.27885     2.97888]
Gen: 25, Best: 0.9888888888888889
[    4.00000 20481.72636    30.40583     6.27885     2.97888]
Gen: 26, Best: 0.9888888888888889
[    4.00000 20481.72636    30.40583     6.27885     2.97888]
Gen: 27, Best: 0.9907407407407407
[    4.00000 17803.37093     7.76061     7.49341     2.95238]
Gen: 28, Best: 0.9907407407407407
[    4.00000 17803.37093     7.76061     7.49341     2.95238]
Gen: 29, Best: 0.9907407407407407
[    4.00000 17803.37093     7.76061     7.49341     2.95238]
Gen: 30, Best: 0.9907407407407407
[    4.00000 17803.37093     7.76061     7.49341     2.95238]
Gen: 31, Best: 0.9907407407407407
[    4.00000 17803.37093     7.76061     7.49341     2.95238]
Gen: 32, Best: 0.9907407407407407
[    4.00000 17803.37093     7.76061     7.49341     2.95238]
Gen: 33, Best: 0.9907407407407407
[    4.00000 17803.37093     7.76061     7.49341     2.95238]
Gen: 34, Best: 0.9907407407407407
[    4.00000 32487.19271     7.70120     7.68004     2.69008]
Gen: 35, Best: 0.9907407407407407
[    4.00000 32487.19271     7.70120     7.68004     2.69008]
Gen: 36, Best: 0.9907407407407407
[    4.00000 32487.19271     7.70120     7.68004     2.69008]
Gen: 37, Best: 0.9907407407407407
[    4.00000 32487.19271     7.70120     7.68004     2.69008]
Gen: 38, Best: 0.9907407407407407
[    4.00000 32487.19271     7.70120     7.68004     2.69008]
Gen: 39, Best: 0.9907407407407407
[    4.00000 32487.19271     7.70120     7.68004     2.69008]
Gen: 40, Best: 0.9907407407407407
[    4.00000 32487.19271     7.70120     7.68004     2.69008]
Gen: 41, Best: 0.9907407407407407
[    4.00000 32487.19271     7.70120     7.68004     2.69008]
Gen: 42, Best: 0.9907407407407407
[    4.00000 32487.19271     7.70120     7.68004     2.69008]
Gen: 43, Best: 0.9907407407407407
[    4.00000 32487.19271     7.70120     7.68004     2.69008]
Gen: 44, Best: 0.9907407407407407
[    4.00000 32487.19271     7.70120     7.68004     2.69008]
Gen: 45, Best: 0.9907407407407407
[    4.00000 32487.19271     7.70120     7.68004     2.69008]
Gen: 46, Best: 0.9907407407407407
[    4.00000 32487.19271     7.70120     7.68004     2.69008]
Gen: 47, Best: 0.9907407407407407
[    4.00000 32487.19271     7.70120     7.68004     2.69008]
Gen: 48, Best: 0.9907407407407407
[    4.00000 32487.19271     7.70120     7.68004     2.69008]
Gen: 49, Best: 0.9907407407407407
[    4.00000 32487.19271     7.70120     7.68004     2.69008]
Gen: 50, Best: 0.9907407407407407
[    4.00000 32487.19271     7.70120     7.68004     2.69008]
Best Solution: [    4.00000 32487.19271     7.70120     7.68004     2.69008]
Best Fitness: 0.9907407407407407
default Fitness: 0.9851851851851852
実行時間: 27.7631秒
SVMの実行時間: 189.7307秒
###############

8試行目

###############
初期化1 , Fitness:0.9712230215827338
[    4.00000 21965.04754    17.43834    -5.01707     1.24291]
初期化2 , Fitness:0.9712230215827338
[    1.00000 11186.72055    11.14890    -5.00106     1.70505]
初期化3 , Fitness:0.6060606060606061
[    3.00000 23444.31590     3.55128     2.40031     2.71363]
初期化4 , Fitness:0.5232558139534883
[    2.00000 18600.84779     8.79277    -7.07396     1.40044]
初期化5 , Fitness:0.9712230215827338
[   1.00000 9186.92237    7.72982   -3.15042    2.50446]
初期化6 , Fitness:0.9712230215827338
[  1.00000 446.28478  29.54444  -3.23187   2.22367]
初期化7 , Fitness:0.9872029250457037
[    4.00000 16435.04724     6.27329     8.51438     2.44351]
初期化8 , Fitness:0.9872029250457037
[    4.00000 14449.05639    29.67864    -2.06296     2.64899]
初期化9 , Fitness:0.6242774566473989
[    3.00000 18157.75530    16.63597    -7.03061     2.64932]
初期化10 , Fitness:0.6157354618015963
[    3.00000 33807.69157     2.66307     0.28461     1.10630]
Gen: 1, Best: 0.9870370370370369
[   4.00000 9186.92237    7.72982   -3.15042    2.50446]
Gen: 2, Best: 0.9907407407407407
[    4.00000 16435.04724     6.27329     8.51438     2.62535]
Gen: 3, Best: 0.9907407407407407
[    4.00000 16435.04724     6.27329     8.51438     2.62535]
Gen: 4, Best: 0.9907407407407407
[    4.00000 16435.04724     6.27329     8.51438     2.62535]
Gen: 5, Best: 0.9907407407407407
[    4.00000 16435.04724     6.27329     8.51438     2.62535]
Gen: 6, Best: 0.9907407407407407
[    4.00000 16435.04724     6.27329     8.51438     2.62535]
Gen: 7, Best: 0.9907407407407407
[    4.00000 16435.04724     6.27329     8.51438     2.62535]
Gen: 8, Best: 0.9907407407407407
[    4.00000 16435.04724     6.27329     8.51438     2.62535]
Gen: 9, Best: 0.9907407407407407
[    4.00000 16435.04724     6.27329     8.51438     2.62535]
Gen: 10, Best: 0.9907407407407407
[    4.00000 16435.04724     6.27329     8.51438     2.62535]
Gen: 11, Best: 0.9907407407407407
[    4.00000 16435.04724     6.27329     8.51438     2.62535]
Gen: 12, Best: 0.9907407407407407
[    4.00000 16435.04724     6.27329     8.51438     2.62535]
Gen: 13, Best: 0.9944444444444445
[    4.00000 16435.04724     4.53046     8.51438     2.62535]
Gen: 14, Best: 0.9944444444444445
[    4.00000 16435.04724     4.53046     8.51438     2.62535]
Gen: 15, Best: 0.9944444444444445
[    4.00000 16435.04724     4.53046     8.51438     2.62535]
Gen: 16, Best: 0.9944444444444445
[    4.00000 16435.04724     4.53046     8.51438     2.62535]
Gen: 17, Best: 0.9944444444444445
[    4.00000 16435.04724     4.53046     8.51438     2.62535]
Gen: 18, Best: 0.9944444444444445
[    4.00000 16435.04724     4.53046     8.51438     2.62535]
Gen: 19, Best: 0.9944444444444445
[    4.00000 16435.04724     4.53046     8.51438     2.62535]
Gen: 20, Best: 0.9944444444444445
[    4.00000 16435.04724     4.53046     8.51438     2.62535]
Gen: 21, Best: 0.9944444444444445
[    4.00000 16435.04724     4.53046     8.51438     2.62535]
Gen: 22, Best: 0.9944444444444445
[    4.00000 16435.04724     4.53046     8.51438     2.62535]
Gen: 23, Best: 0.9944444444444445
[    4.00000 16435.04724     4.53046     8.51438     2.62535]
Gen: 24, Best: 0.9944444444444445
[    4.00000 16435.04724     4.53046     8.51438     2.62535]
Gen: 25, Best: 0.9944444444444445
[    4.00000 16435.04724     4.53046     8.51438     2.62535]
Gen: 26, Best: 0.9944444444444445
[    4.00000 16435.04724     4.53046     8.51438     2.62535]
Gen: 27, Best: 0.9944444444444445
[    4.00000 16435.04724     4.53046     8.51438     2.62535]
Gen: 28, Best: 0.9944444444444445
[    4.00000 16435.04724     4.53046     8.51438     2.62535]
Gen: 29, Best: 0.9944444444444445
[    4.00000 16435.04724     4.53046     8.51438     2.62535]
Gen: 30, Best: 0.9944444444444445
[    4.00000 16435.04724     4.53046     8.51438     2.62535]
Gen: 31, Best: 0.9944444444444445
[    4.00000 16435.04724     4.53046     8.51438     2.62535]
Gen: 32, Best: 0.9944444444444445
[    4.00000 16435.04724     4.53046     8.51438     2.62535]
Gen: 33, Best: 0.9944444444444445
[    4.00000 16435.04724     4.53046     8.51438     2.62535]
Gen: 34, Best: 0.9944444444444445
[    4.00000 16435.04724     4.53046     8.51438     2.62535]
Gen: 35, Best: 0.9944444444444445
[    4.00000 16435.04724     4.53046     8.51438     2.62535]
Gen: 36, Best: 0.9944444444444445
[    4.00000 16435.04724     4.53046     8.51438     2.62535]
Gen: 37, Best: 0.9944444444444445
[    4.00000 16435.04724     4.53046     8.51438     2.62535]
Gen: 38, Best: 0.9944444444444445
[    4.00000 16435.04724     4.53046     8.51438     2.62535]
Gen: 39, Best: 0.9944444444444445
[    4.00000 16435.04724     4.53046     8.51438     2.62535]
Gen: 40, Best: 0.9944444444444445
[    4.00000 16435.04724     4.53046     8.51438     2.62535]
Gen: 41, Best: 0.9944444444444445
[    4.00000 16435.04724     4.53046     8.51438     2.62535]
Gen: 42, Best: 0.9944444444444445
[    4.00000 16435.04724     4.53046     8.51438     2.62535]
Gen: 43, Best: 0.9944444444444445
[    4.00000 16435.04724     4.53046     8.51438     2.62535]
Gen: 44, Best: 0.9944444444444445
[    4.00000 16435.04724     4.53046     8.51438     2.62535]
Gen: 45, Best: 0.9944444444444445
[    4.00000 16435.04724     4.53046     8.51438     2.62535]
Gen: 46, Best: 0.9944444444444445
[    4.00000 16435.04724     4.53046     8.51438     2.62535]
Gen: 47, Best: 0.9944444444444445
[    4.00000 16435.04724     4.53046     8.51438     2.62535]
Gen: 48, Best: 0.9944444444444445
[    4.00000 16435.04724     4.53046     8.51438     2.62535]
Gen: 49, Best: 0.9944444444444445
[    4.00000 16435.04724     4.53046     8.51438     2.62535]
Gen: 50, Best: 0.9944444444444445
[    4.00000 16435.04724     4.53046     8.51438     2.62535]
Best Solution: [    4.00000 16435.04724     4.53046     8.51438     2.62535]
Best Fitness: 0.9944444444444445
default Fitness: 0.9851851851851852
実行時間: 24.8823秒
SVMの実行時間: 214.4779秒
###############

9試行目

###############
初期化1 , Fitness:0.9872029250457037
[    4.00000 30358.05585    11.34425     8.08814     1.60882]
初期化2 , Fitness:0.6206896551724138
[   3.00000 5381.12761    7.83179    0.65129    1.44545]
初期化3 , Fitness:0.6235565819861432
[   3.00000 9493.30603   15.98802   -3.40233    1.06677]
初期化4 , Fitness:0.547112462006079
[    2.00000 31180.41727    31.35452     4.87521     2.38566]
初期化5 , Fitness:0.6185567010309279
[    3.00000 10427.12011    30.41148    -3.62581     1.67898]
初期化6 , Fitness:0.5237633365664404
[  2.00000 229.82377   3.00316  -4.09284   1.46185]
初期化7 , Fitness:0.9712230215827338
[   4.00000 9861.97918   31.93686   -8.88255    1.42213]
初期化8 , Fitness:0.7105263157894737
[    4.00000 30784.55962     0.91037    -2.71781     1.98874]
初期化9 , Fitness:0.9836065573770493
[    4.00000 29619.60000    21.30721     0.74789     1.68009]
初期化10 , Fitness:0.9872029250457037
[   4.00000 2612.91887   18.63297   -7.88247    2.58462]
Gen: 1, Best: 0.9870370370370369
[    4.00000 30358.05585    11.34425     8.08814     1.60882]
Gen: 2, Best: 0.9870370370370369
[    4.00000 30358.05585    11.34425     8.08814     1.60882]
Gen: 3, Best: 0.9870370370370369
[    4.00000 30358.05585    11.34425     8.08814     1.60882]
Gen: 4, Best: 0.9870370370370369
[    4.00000 30358.05585    11.34425     8.08814     1.60882]
Gen: 5, Best: 0.9870370370370369
[    4.00000 30358.05585    11.34425     8.08814     1.60882]
Gen: 6, Best: 0.9870370370370369
[    4.00000 30358.05585    11.34425     8.08814     1.60882]
Gen: 7, Best: 0.9870370370370369
[    4.00000 30358.05585    11.34425     8.08814     1.60882]
Gen: 8, Best: 0.9888888888888889
[   4.00000 2612.91887   18.63297    3.12120    2.58462]
Gen: 9, Best: 0.9888888888888889
[   4.00000 2612.91887   18.63297    3.12120    2.58462]
Gen: 10, Best: 0.9888888888888889
[   4.00000 2612.91887   18.63297    3.12120    2.58462]
Gen: 11, Best: 0.9888888888888889
[   4.00000 2612.91887   18.63297    3.12120    2.58462]
Gen: 12, Best: 0.9888888888888889
[   4.00000 2612.91887   18.63297    3.12120    2.58462]
Gen: 13, Best: 0.9888888888888889
[   4.00000 2612.91887   18.63297    3.12120    2.58462]
Gen: 14, Best: 0.9888888888888889
[   4.00000 2612.91887   18.63297    3.12120    2.58462]
Gen: 15, Best: 0.9888888888888889
[   4.00000 2612.91887   18.63297    3.12120    2.58462]
Gen: 16, Best: 0.9888888888888889
[   4.00000 2612.91887   18.63297    3.12120    2.58462]
Gen: 17, Best: 0.9888888888888889
[   4.00000 2612.91887   18.63297    3.12120    2.58462]
Gen: 18, Best: 0.9888888888888889
[   4.00000 2612.91887   18.63297    3.12120    2.58462]
Gen: 19, Best: 0.9888888888888889
[   4.00000 2612.91887   18.63297    3.12120    2.58462]
Gen: 20, Best: 0.9888888888888889
[   4.00000 2612.91887   18.63297    3.12120    2.58462]
Gen: 21, Best: 0.9888888888888889
[   4.00000 2612.91887   18.63297    3.12120    2.58462]
Gen: 22, Best: 0.9888888888888889
[   4.00000 2612.91887   18.63297    3.12120    2.58462]
Gen: 23, Best: 0.9888888888888889
[   4.00000 2612.91887   18.63297    3.12120    2.58462]
Gen: 24, Best: 0.9888888888888889
[   4.00000 2612.91887   18.63297    3.12120    2.58462]
Gen: 25, Best: 0.9888888888888889
[   4.00000 2612.91887   18.63297    3.12120    2.58462]
Gen: 26, Best: 0.9888888888888889
[   4.00000 2612.91887   18.63297    3.12120    2.58462]
Gen: 27, Best: 0.9888888888888889
[    4.00000 35000.00000    31.35452     4.87521     2.50517]
Gen: 28, Best: 0.9888888888888889
[    4.00000 35000.00000    31.35452     4.87521     2.50517]
Gen: 29, Best: 0.9888888888888889
[    4.00000 35000.00000    31.35452     4.87521     2.50517]
Gen: 30, Best: 0.9888888888888889
[    4.00000 35000.00000    31.35452     4.87521     2.50517]
Gen: 31, Best: 0.9888888888888889
[    4.00000 35000.00000    31.35452     4.87521     2.50517]
Gen: 32, Best: 0.9888888888888889
[    4.00000 35000.00000    31.35452     4.87521     2.50517]
Gen: 33, Best: 0.9888888888888889
[    4.00000 35000.00000    31.35452     4.87521     2.50517]
Gen: 34, Best: 0.9888888888888889
[    4.00000 35000.00000    31.35452     4.87521     2.50517]
Gen: 35, Best: 0.9888888888888889
[    4.00000 35000.00000    31.35452     4.87521     2.50517]
Gen: 36, Best: 0.9888888888888889
[    4.00000 35000.00000    31.35452     4.87521     2.50517]
Gen: 37, Best: 0.9888888888888889
[    4.00000 35000.00000    31.35452     4.87521     2.50517]
Gen: 38, Best: 0.9888888888888889
[    4.00000 35000.00000    31.35452     4.87521     2.50517]
Gen: 39, Best: 0.9888888888888889
[    4.00000 35000.00000    31.35452     4.87521     2.50517]
Gen: 40, Best: 0.9888888888888889
[    4.00000 35000.00000    31.35452     4.87521     2.50517]
Gen: 41, Best: 0.9888888888888889
[    4.00000 35000.00000    31.35452     4.87521     2.50517]
Gen: 42, Best: 0.9888888888888889
[    4.00000 35000.00000    31.35452     4.87521     2.50517]
Gen: 43, Best: 0.9888888888888889
[   4.00000 8233.61090    4.76487    0.65129    2.67265]
Gen: 44, Best: 0.9888888888888889
[   4.00000 8233.61090    4.76487    0.65129    2.67265]
Gen: 45, Best: 0.9888888888888889
[   4.00000 8233.61090    4.76487    0.65129    2.67265]
Gen: 46, Best: 0.9888888888888889
[   4.00000 8233.61090    4.76487    0.65129    2.67265]
Gen: 47, Best: 0.9888888888888889
[   4.00000 8233.61090    4.76487    0.65129    2.67265]
Gen: 48, Best: 0.9888888888888889
[   4.00000 8233.61090    4.76487    0.65129    2.67265]
Gen: 49, Best: 0.9888888888888889
[   4.00000 8233.61090    4.76487    0.65129    2.67265]
Gen: 50, Best: 0.9907407407407407
[   4.00000 8233.61090    4.76487    4.82634    2.67265]
Best Solution: [   4.00000 8233.61090    4.76487    4.82634    2.67265]
Best Fitness: 0.9907407407407407
default Fitness: 0.9851851851851852
実行時間: 26.3776秒
SVMの実行時間: 240.7205秒
###############

10試行目

###############
初期化1 , Fitness:0.6286379511059371
[    3.00000 33551.34573    23.60802    -6.68793     2.51878]
初期化2 , Fitness:0.6150341685649202
[   3.00000 5433.08593    7.09077    3.64373    2.48557]
初期化3 , Fitness:0.9152542372881356
[   4.00000 5611.21403    2.66330   -4.27012    2.03998]
初期化4 , Fitness:0.5232558139534883
[    2.00000 25987.65518     6.25224    -9.77236     2.79389]
初期化5 , Fitness:0.9782608695652175
[    4.00000 27116.21489    13.53579    -9.28849     1.64764]
初期化6 , Fitness:0.5232558139534883
[    2.00000 17838.33176    14.58028    -1.22327     1.30641]
初期化7 , Fitness:0.9712230215827338
[    1.00000 10872.53686    13.05149     2.73672     2.17910]
初期化8 , Fitness:0.6150341685649202
[    3.00000 19703.22606    31.91930     4.20282     1.31505]
初期化9 , Fitness:0.5232558139534883
[    2.00000 17018.14670    13.44375     1.62654     1.41705]
初期化10 , Fitness:0.6185567010309279
[    3.00000 17685.04945    24.16099    -0.16606     1.85625]
Gen: 1, Best: 0.9777777777777779
[    4.00000 27116.21489    13.53579    -9.28849     1.64764]
Gen: 2, Best: 0.9777777777777779
[    4.00000 27116.21489    13.53579    -9.28849     1.64764]
Gen: 3, Best: 0.9777777777777779
[    4.00000 27116.21489    13.53579    -9.28849     1.64764]
Gen: 4, Best: 0.9777777777777779
[    4.00000 27116.21489    13.53579    -9.28849     1.64764]
Gen: 5, Best: 0.9870370370370369
[    4.00000 25987.65518     6.25224    -9.77236     2.79389]
Gen: 6, Best: 0.9870370370370369
[    4.00000 25987.65518     6.25224    -9.77236     2.79389]
Gen: 7, Best: 0.9870370370370369
[   4.00000 5611.21403    2.66330    2.70571    2.03998]
Gen: 8, Best: 0.9870370370370369
[   4.00000 5611.21403    2.66330    2.70571    2.03998]
Gen: 9, Best: 0.9870370370370369
[   4.00000 5611.21403    2.66330    2.70571    2.03998]
Gen: 10, Best: 0.9870370370370369
[   4.00000 5611.21403    2.66330    2.70571    2.03998]
Gen: 11, Best: 0.9870370370370369
[   4.00000 5611.21403    2.66330    2.70571    2.03998]
Gen: 12, Best: 0.9870370370370369
[   4.00000 5611.21403    2.66330    2.70571    2.03998]
Gen: 13, Best: 0.9870370370370369
[   4.00000 5611.21403    2.66330    2.70571    2.03998]
Gen: 14, Best: 0.9870370370370369
[   4.00000 5611.21403    2.66330    2.70571    2.03998]
Gen: 15, Best: 0.9870370370370369
[   4.00000 5611.21403    2.66330    2.70571    2.03998]
Gen: 16, Best: 0.9870370370370369
[   4.00000 5611.21403    2.66330    2.70571    2.03998]
Gen: 17, Best: 0.9870370370370369
[    4.00000 32596.25487    17.66727    -6.72570     2.51878]
Gen: 18, Best: 0.9870370370370369
[    4.00000 32596.25487    17.66727    -6.72570     2.51878]
Gen: 19, Best: 0.9870370370370369
[    4.00000 32596.25487    17.66727    -6.72570     2.51878]
Gen: 20, Best: 0.9888888888888889
[   4.00000 5611.21403    2.66330    9.30802    2.03998]
Gen: 21, Best: 0.9888888888888889
[   4.00000 5611.21403    2.66330    9.30802    2.03998]
Gen: 22, Best: 0.9888888888888889
[   4.00000 5611.21403    2.66330    9.30802    2.03998]
Gen: 23, Best: 0.9888888888888889
[   4.00000 5611.21403    2.66330    9.30802    2.03998]
Gen: 24, Best: 0.9888888888888889
[   4.00000 5433.08593    7.90006    3.41090    3.00000]
Gen: 25, Best: 0.9888888888888889
[   4.00000 5433.08593    7.90006    3.41090    3.00000]
Gen: 26, Best: 0.9888888888888889
[   4.00000 5433.08593    7.90006    3.41090    3.00000]
Gen: 27, Best: 0.9888888888888889
[   4.00000 5433.08593    7.90006    3.41090    3.00000]
Gen: 28, Best: 0.9888888888888889
[   4.00000 5433.08593    7.90006    3.41090    3.00000]
Gen: 29, Best: 0.9907407407407407
[    4.00000 25987.65518     2.49005     2.30707     2.79389]
Gen: 30, Best: 0.9907407407407407
[    4.00000 25987.65518     2.49005     2.30707     2.79389]
Gen: 31, Best: 0.9907407407407407
[    4.00000 25987.65518     2.49005     2.30707     2.79389]
Gen: 32, Best: 0.9907407407407407
[    4.00000 25987.65518     2.49005     2.30707     2.79389]
Gen: 33, Best: 0.9907407407407407
[    4.00000 25987.65518     2.49005     2.30707     2.79389]
Gen: 34, Best: 0.9907407407407407
[   4.00000 5433.08593    7.90006    7.38949    3.00000]
Gen: 35, Best: 0.9907407407407407
[   4.00000 5433.08593    7.90006    7.38949    3.00000]
Gen: 36, Best: 0.9907407407407407
[   4.00000 5433.08593    7.90006    7.38949    3.00000]
Gen: 37, Best: 0.9907407407407407
[   4.00000 5433.08593    7.90006    7.38949    3.00000]
Gen: 38, Best: 0.9925925925925925
[   4.00000 5433.08593    1.71920    7.38949    3.00000]
Gen: 39, Best: 0.9925925925925925
[   4.00000 5433.08593    1.71920    7.38949    3.00000]
Gen: 40, Best: 0.9925925925925925
[   4.00000 5433.08593    1.71920    7.38949    3.00000]
Gen: 41, Best: 0.9925925925925925
[   4.00000 5433.08593    1.71920    7.38949    3.00000]
Gen: 42, Best: 0.9925925925925925
[   4.00000 5433.08593    1.71920    7.38949    3.00000]
Gen: 43, Best: 0.9925925925925925
[   4.00000 5433.08593    1.71920    7.38949    3.00000]
Gen: 44, Best: 0.9925925925925925
[   4.00000 5433.08593    1.71920    7.38949    3.00000]
Gen: 45, Best: 0.9925925925925925
[   4.00000 5433.08593    1.71920    7.38949    3.00000]
Gen: 46, Best: 0.9944444444444445
[    4.00000 25987.65518     2.49005     5.63428     2.79389]
Gen: 47, Best: 0.9944444444444445
[    4.00000 25987.65518     2.49005     5.63428     2.79389]
Gen: 48, Best: 0.9944444444444445
[    4.00000 25987.65518     2.49005     5.63428     2.79389]
Gen: 49, Best: 0.9944444444444445
[    4.00000 25987.65518     2.49005     5.63428     2.79389]
Gen: 50, Best: 0.9944444444444445
[    4.00000 25987.65518     2.49005     5.63428     2.79389]
Best Solution: [    4.00000 25987.65518     2.49005     5.63428     2.79389]
Best Fitness: 0.9944444444444445
default Fitness: 0.9851851851851852
実行時間: 25.3295秒
SVMの実行時間: 265.9177秒
評価値:0.9889  [    4.00000 32596.25487    17.66727     4.61722     2.51878]
評価値:0.9926  [   4.00000 5433.08593    1.71920    7.38949    3.00000]
評価値:0.9889  [   4.00000 5611.21403    2.66330    9.30802    2.03998]
評価値:0.9944  [    4.00000 25987.65518     2.49005     5.63428     2.79389]
評価値:0.9833  [    4.00000 27116.21489    25.71335    -6.77860     1.64764]
評価値:0.9796  [    4.00000 17838.33176    14.58028    -7.05687     2.22591]
評価値:0.9944  [    4.00000 10872.53686     4.52998    10.00000     2.78720]
評価値:0.9833  [    4.00000 19703.22606    32.00000     5.97400     1.76529]
評価値:0.9889  [    4.00000 17018.14670    13.44375     1.62654     2.57451]
評価値:0.9833  [    4.00000 25342.15708    26.70220     0.41460     1.85625]
Best Fitness mean: 0.9935185185185187
default Fitness: 0.9851851851851852
平均実行時間: 26.7312秒
